72
# x y z
15.13128706574	1614.4322151815	0
15.971914125263	1614.2480817522	0
17.092750204309	1614.0017802685	0
17.933377262895	1613.8896490494	0
19.054213341941	1613.6640943179	0
19.894840401464	1613.4531806812	0
21.01567648051	1613.2017060473	0
22.136512559555	1613.0209612165	0
22.977139618163	1612.7839906162	0
24.097975697208	1612.4704513359	0
24.938602756711	1612.2799935018	0
26.059438835756	1612.0233888554	0
26.900065894364	1611.8127028387	0
28.020901973409	1611.4935477121	0
28.861529032912	1611.2661169525	0
29.982365111957	1610.9320909696	0
31.103201191003	1610.6332943565	0
31.94382824961	1610.3988909041	0
33.064664328656	1610.025215627	0
33.905291388159	1609.6969226656	0
35.026127467204	1609.273055992	0
35.866754526728	1608.9762645137	0
36.987590604857	1608.6083213405	0
38.108426683902	1608.2923235213	0
38.949053743405	1607.9791718677	0
40.069889822451	1607.5638687784	0
40.910516881974	1607.2027089205	0
42.031352960103	1606.7101178852	0
42.871980019606	1606.3922779973	0
43.992816098652	1605.8915568952	0
45.113652177718	1605.5141987047	0
45.954279237221	1605.2987675488	0
47.07511531535	1605.1190249794	0
47.915742374874	1605.5260009765	0
49.036578453919	1606.3123136821	0
49.877205513422	1606.6963135379	0
50.998041592467	1607.274444045	0
52.118877670596	1608.0306414839	0
52.95950473012	1608.5139866878	0
54.080340809166	1609.1804639773	0
54.920967868668	1609.5609066613	0
56.041803947714	1610.221126547	0
56.882431006321	1610.673374109	0
58.003267085367	1611.3347461671	0
59.124103164412	1612.0321219308	0
59.964730223915	1612.5118527521	0
61.08556630296	1613.134070834	0
61.926193361568	1613.5942860079	0
63.047029440613	1614.1662248883	0
63.887656500116	1614.5491071429	0
65.008492579161	1615.2045999399	0
66.129328658207	1615.8033413614	0
66.969955716814	1616.2616465479	0
68.09079179586	1616.764310679	0
68.931418855383	1617.1658761161	0
70.052254934429	1617.656704016	0
70.892881993015	1617.9890029638	0
72.013718072061	1618.5044395044	0
73.134554151106	1618.9392016417	0
73.97518121063	1619.4065547169	0
75.096017289675	1619.7860661175	0
75.936644348262	1620.0922625165	0
77.057480427307	1620.5294926769	0
77.898107486831	1620.8283593505	0
79.018943565876	1621.1782520266	0
80.139779644922	1621.5498573094	0
80.980406703508	1621.8616524219	0
82.101242782554	1622.2570103236	0
82.941869842078	1622.6144373996	0
84.062705921123	1622.9506321957	0
84.903332980626	1623.1735509429	0
86.024169058755	1623.4939937733	0
1065
# g s err t valid 
2	1	8.56360859053572e-05	1.56741431933879e-03	1
3	1	1.86233915853988e-04	3.57330947503601e-03	1
4	1	2.60459599202832e-04	4.78225892146653e-03	1
5	1	3.60583351339769e-04	6.36753465768992e-03	1
6	1	4.36579614741404e-04	8.71138740979180e-03	1
7	1	5.37198804146593e-04	1.03553933287494e-02	1
8	1	6.36715666792295e-04	1.24892594452471e-02	1
9	1	7.13436840214071e-04	1.39246057960710e-02	1
10	1	7.90472536964422e-04	1.70376645476276e-02	1
11	1	8.18016755935296e-04	1.57920338623167e-02	1
12	1	8.69211506300776e-04	1.81023903211864e-02	1
13	1	9.04013882267887e-04	1.86212694676013e-02	1
14	1	9.37020522367765e-04	2.03964979784813e-02	1
15	1	9.60986224072926e-04	1.73697198755778e-02	1
16	1	9.97075191092777e-04	1.91974560224683e-02	1
17	1	1.02813927631497e-03	2.08315018983852e-02	1
18	1	1.05061863035313e-03	2.02125744116526e-02	1
19	1	1.08514326388965e-03	2.08541961730943e-02	1
20	1	1.10838917056664e-03	2.33972743123976e-02	1
21	1	1.14160773601799e-03	2.15763912960701e-02	1
22	1	1.16520791897541e-03	2.40572908689861e-02	1
23	1	1.19833028447024e-03	2.32450833359707e-02	1
24	1	1.23388693677111e-03	2.36154682587506e-02	1
25	1	1.25584777660015e-03	2.58550011393198e-02	1
26	1	1.28829019115824e-03	2.55134384578397e-02	1
27	1	1.30700704855757e-03	2.63015610200346e-02	1
28	1	1.33630110444404e-03	2.60024516737917e-02	1
29	1	1.35867190451950e-03	2.73748756887897e-02	1
30	1	1.38862567664653e-03	2.51538514081399e-02	1
31	1	1.40896601793601e-03	2.82195389363989e-02	1
32	1	1.42115049402664e-03	2.66510321334201e-02	1
33	1	1.44221408041684e-03	2.72430802164614e-02	1
34	1	1.47649856909734e-03	3.15808411134519e-02	1
35	1	1.52887600355278e-03	3.06710864387416e-02	1
36	1	1.55778258381225e-03	3.12781020968497e-02	1
37	1	1.59503687011453e-03	2.95769727553095e-02	1
38	1	1.64048629412977e-03	3.49845021728636e-02	1
39	1	1.66630240270089e-03	3.40802704195878e-02	1
40	1	1.70675661124095e-03	3.33390308351117e-02	1
41	1	1.73019675845191e-03	3.30004639393724e-02	1
42	1	1.77391228681613e-03	3.35959953054236e-02	1
43	1	1.80221828127875e-03	3.66034161652617e-02	1
44	1	1.84742877651403e-03	3.63771910600614e-02	1
45	1	1.88824002551234e-03	3.73529367171408e-02	1
46	1	1.92474642309774e-03	3.70181298097591e-02	1
47	1	1.95813529119513e-03	3.93504184763491e-02	1
48	1	1.98536228063578e-03	3.89928780881790e-02	1
49	1	2.01868636720640e-03	3.68294993425227e-02	1
50	1	2.04293503929249e-03	4.00273337890664e-02	1
51	1	2.07513227771031e-03	3.93604949866155e-02	1
52	1	2.11581263910357e-03	4.36075748916608e-02	1
53	1	2.14237803802980e-03	4.22033845404597e-02	1
54	1	2.17132507529147e-03	4.30831138877210e-02	1
55	1	2.20237535985329e-03	4.18266071366439e-02	1
56	1	2.23800934078630e-03	4.19044017584913e-02	1
57	1	2.26975173330327e-03	4.28615023940973e-02	1
58	1	2.29945902924387e-03	4.74388572961116e-02	1
59	1	2.32891827081761e-03	4.81077100018295e-02	1
60	1	2.36075433294292e-03	4.99169846411034e-02	1
61	1	2.38906297927102e-03	4.78003157613328e-02	1
62	1	2.40479508564098e-03	4.36844373334506e-02	1
63	1	2.43832347349504e-03	4.80308463504234e-02	1
64	1	2.45858154329859e-03	5.00698624999927e-02	1
65	1	2.47823014432742e-03	5.62834528144992e-02	1
66	1	2.49675412030818e-03	4.94578606232494e-02	1
67	1	2.50945331709273e-03	4.77755326580688e-02	1
68	1	2.52994913410130e-03	5.09903906213424e-02	1
69	1	2.54709507865600e-03	5.51523127339046e-02	1
70	1	2.56537271657678e-03	5.45739044210753e-02	1
71	1	2.57329457473914e-03	5.11331460116767e-02	1
72	1	2.58820313480083e-03	4.72333462661714e-02	1
1	6	4.36579614741405e-04	8.05915462259682e-03	1
2	6	3.60943528836047e-04	7.04144519276512e-03	1
3	6	2.60345698887416e-04	5.11727205133777e-03	1
4	6	1.86120015538573e-04	3.36666521464715e-03	1
5	6	8.59962634016356e-05	1.56458891668299e-03	1
7	6	1.10619189405189e-04	2.04825924678879e-03	1
8	6	2.10136052050891e-04	4.49665410260257e-03	1
9	6	2.86857225472666e-04	5.15435549366669e-03	1
10	6	3.88659996411355e-04	7.41482000600300e-03	1
11	6	4.63977339125813e-04	9.09392607781555e-03	1
12	6	5.64376638515440e-04	1.23017037486379e-02	1
13	6	6.39742630665664e-04	1.21390708568731e-02	1
14	6	6.85414185665161e-04	1.54132438953800e-02	1
15	6	7.21003170371556e-04	1.46296973548124e-02	1
16	6	7.64215661672315e-04	1.36834749336988e-02	1
17	6	8.00126096941041e-04	1.62237210515191e-02	1
18	6	8.22605450979210e-04	1.62850944797647e-02	1
19	6	8.57130084515730e-04	1.73012376257617e-02	1
20	6	8.80375991192719e-04	1.83485616776951e-02	1
21	6	9.14932763997636e-04	1.86734005521891e-02	1
22	6	9.42888177266047e-04	1.85924854206235e-02	1
23	6	9.77861315653312e-04	1.95852538780761e-02	1
24	6	1.01561457454246e-03	1.95945283258724e-02	1
25	6	1.03931776595346e-03	1.93402761320444e-02	1
26	6	1.07487956534415e-03	2.06690832666031e-02	1
27	6	1.09544811612446e-03	2.15618837857131e-02	1
28	6	1.12683881886356e-03	2.19184535567170e-02	1
29	6	1.15115402448111e-03	2.35064374899805e-02	1
30	6	1.18318875659629e-03	2.55923216231928e-02	1
31	6	1.21450878367802e-03	2.24272869096895e-02	1
32	6	1.24296685582151e-03	2.33367290071642e-02	1
33	6	1.28142597022606e-03	2.63385365469772e-02	1
34	6	1.32449037020287e-03	2.44966441818189e-02	1
35	6	1.38232413134097e-03	2.85838806770890e-02	1
36	6	1.41309790800210e-03	2.86423816227033e-02	1
37	6	1.45035219430437e-03	2.81997728986834e-02	1
38	6	1.49580161831961e-03	3.15142110423003e-02	1
39	6	1.52161772689073e-03	2.66505094902286e-02	1
40	6	1.56207193543080e-03	3.20055732281699e-02	1
41	6	1.58551208264176e-03	3.19789412531326e-02	1
42	6	1.62922761100597e-03	3.03298476926118e-02	1
43	6	1.65753360546859e-03	3.32227091326053e-02	1
44	6	1.70274410070387e-03	3.27723243884390e-02	1
45	6	1.74355534970218e-03	3.81512596769162e-02	1
46	6	1.78015988879983e-03	3.91625295049143e-02	1
47	6	1.81354875689722e-03	3.54375800945284e-02	1
48	6	1.84077574633787e-03	3.41961265374200e-02	1
49	6	1.87409983290849e-03	3.63416252245203e-02	1
50	6	1.89834850499458e-03	3.54165358129901e-02	1
51	6	1.93054574341240e-03	4.07980428533015e-02	1
52	6	1.97122610480566e-03	3.92409783297143e-02	1
53	6	1.99779150373189e-03	3.90688009242013e-02	1
54	6	2.02673854099356e-03	3.78389493784088e-02	1
55	6	2.05778882555538e-03	4.04202170656242e-02	1
56	6	2.09342280648839e-03	4.37924123131956e-02	1
57	6	2.12516519900536e-03	4.39822491834887e-02	1
58	6	2.15487249494596e-03	4.08864583379801e-02	1
59	6	2.18512092052068e-03	4.01782866763880e-02	1
60	6	2.21695698264599e-03	4.54708848027859e-02	1
61	6	2.24526562897409e-03	4.32184225005314e-02	1
62	6	2.26099773534405e-03	4.57454494986322e-02	1
63	6	2.29505286760041e-03	5.03993453779971e-02	1
64	6	2.31531093740396e-03	4.81836331280299e-02	1
65	6	2.33547693554350e-03	4.42758495686438e-02	1
66	6	2.35406996244097e-03	4.72472692976616e-02	1
67	6	2.36676915922552e-03	4.55103452206737e-02	1
68	6	2.38796100407386e-03	4.84812735551766e-02	1
69	6	2.40510694862856e-03	4.83354855405332e-02	1
70	6	2.42524630551641e-03	4.67233413228491e-02	1
71	6	2.43316816367877e-03	4.76656370765206e-02	1
72	6	2.44892634376596e-03	5.00386160294982e-02	1
1	11	8.18016755935296e-04	1.62202914800207e-02	1
2	11	7.70292844515302e-04	1.50315237901467e-02	1
3	11	7.10743212249557e-04	1.43765380576709e-02	1
4	11	6.40097354664386e-04	1.28632247913974e-02	1
5	11	5.39973602527449e-04	1.01706659052616e-02	1
6	11	4.63977339125813e-04	9.49734837992391e-03	1
7	11	3.63358149720624e-04	6.69881245838510e-03	1
8	11	2.63841287074923e-04	5.29768109586361e-03	1
9	11	1.87120113653147e-04	3.29600040605101e-03	1
10	11	8.53173427144581e-05	1.59459891553634e-03	1
12	11	1.10399299389627e-04	2.00076655782337e-03	1
13	11	1.85765291539851e-04	3.29867697750063e-03	1
14	11	2.87595235007106e-04	5.57205325148442e-03	1
15	11	3.63860185194000e-04	7.53090803904156e-03	1
16	11	4.59710449110241e-04	8.93570245104118e-03	1
17	11	5.32391731183884e-04	9.72833507248823e-03	1
18	11	5.73740269788625e-04	1.24457920895247e-02	1
19	11	6.15231742714425e-04	1.15101087902292e-02	1
20	11	6.38477649391415e-04	1.29854859459719e-02	1
21	11	6.73034422196331e-04	1.42455356196803e-02	1
22	11	7.01467700958892e-04	1.36943080258929e-02	1
23	11	7.41010551929946e-04	1.53569217825203e-02	1
24	11	7.81038624494706e-04	1.44337083863669e-02	1
25	11	8.04911110908678e-04	1.57444058053098e-02	1
26	11	8.42959348064681e-04	1.87711488668941e-02	1
27	11	8.66669780574029e-04	1.69673797859156e-02	1
28	11	8.99167677718352e-04	1.75276344437094e-02	1
29	11	9.25491513306989e-04	1.84831841507752e-02	1
30	11	9.59286662883429e-04	1.83795719699522e-02	1
31	11	9.92452301769561e-04	1.90171031225975e-02	1
32	11	1.02091037391306e-03	2.11905151936869e-02	1
33	11	1.06373998366885e-03	2.17903384082906e-02	1
34	11	1.10869153832096e-03	2.11546030008039e-02	1
35	11	1.16652529945906e-03	2.55244746011608e-02	1
36	11	1.20099598373079e-03	2.46785179575107e-02	1
37	11	1.25178324302682e-03	2.46922473051378e-02	1
38	11	1.30605156024692e-03	2.54623851018512e-02	1
39	11	1.34417788718541e-03	2.72621512294837e-02	1
40	11	1.39581122136197e-03	2.59974468558055e-02	1
41	11	1.43024361472999e-03	2.83757146101443e-02	1
42	11	1.47938371021608e-03	3.07140436600433e-02	1
43	11	1.50823422323055e-03	3.20023555544399e-02	1
44	11	1.55344471846583e-03	3.02499081549037e-02	1
45	11	1.59425596746414e-03	3.20917295155671e-02	1
46	11	1.63320730639917e-03	3.52785300044277e-02	1
47	11	1.66969990971426e-03	3.32408246255323e-02	1
48	11	1.69692689915491e-03	3.37662561060013e-02	1
49	11	1.73025098572552e-03	3.51052044093539e-02	1
50	11	1.75449965781162e-03	3.32216401582102e-02	1
51	11	1.78669689622944e-03	3.55306767177679e-02	1
52	11	1.82737725762270e-03	4.17272288682028e-02	1
53	11	1.85394265654893e-03	3.70097099008950e-02	1
54	11	1.88288969381060e-03	4.01323154958630e-02	1
55	11	1.91393997837242e-03	3.50019887219133e-02	1
56	11	1.94957395930543e-03	3.42632640165477e-02	1
57	11	1.98131635182240e-03	4.16452924406990e-02	1
58	11	2.01102364776300e-03	3.88270580525154e-02	1
59	11	2.04127207333772e-03	4.12668761289505e-02	1
60	11	2.07310813546303e-03	3.84471281027106e-02	1
61	11	2.10141678179113e-03	4.39621685860330e-02	1
62	11	2.11714888816109e-03	4.65138033047310e-02	1
63	11	2.15120402041745e-03	4.66197376251167e-02	1
64	11	2.17146209022100e-03	3.99751897014531e-02	1
65	11	2.19162808836054e-03	4.56327251587783e-02	1
66	11	2.21127810616105e-03	4.61413477381872e-02	1
67	11	2.22408355739843e-03	4.44480860469672e-02	1
68	11	2.24527540224677e-03	4.27059008261247e-02	1
69	11	2.26242134680147e-03	4.64586455159635e-02	1
70	11	2.28309496189602e-03	4.29497486777048e-02	1
71	11	2.29118337202806e-03	4.29165507783500e-02	1
72	11	2.30736752044925e-03	5.35641236647576e-02	1
1	16	9.97075191092777e-04	1.93723580394415e-02	1
2	16	9.59648375251886e-04	2.00115972905260e-02	1
3	16	9.04971646858824e-04	1.66308926434074e-02	1
4	16	8.66410810138476e-04	1.67852120973090e-02	1
5	16	8.10460161684923e-04	1.48918982712404e-02	1
6	16	7.64215661672315e-04	1.47750347784790e-02	1
7	16	7.05543019975048e-04	1.27616005898677e-02	1
8	16	6.47113380050251e-04	1.35359246769782e-02	1
9	16	6.04166317216252e-04	1.18222863966069e-02	1
10	16	5.28619458977695e-04	1.08263595171476e-02	1
11	16	4.59710449110241e-04	8.92759704291135e-03	1
12	16	3.66052693676581e-04	7.28406693499484e-03	1
13	16	2.90686701526357e-04	5.52117464159767e-03	1
14	16	1.88856758059102e-04	3.40516067330318e-03	1
15	16	1.12591807872208e-04	2.00868571848272e-03	1
17	16	1.12024752061018e-04	2.01266296866017e-03	1
18	16	1.88975487496197e-04	4.04349969145198e-03	1
19	16	2.92840925198967e-04	5.83489082743246e-03	1
20	16	3.61271078382935e-04	7.03803677613635e-03	1
21	16	4.21690120862614e-04	8.37657150564822e-03	1
22	16	4.58689918514687e-04	9.00415477611255e-03	1
23	16	5.03865759691120e-04	1.09613646857727e-02	1
24	16	5.44293543286114e-04	1.10845767607395e-02	1
25	16	5.68166029700085e-04	1.18273246684731e-02	1
26	16	6.06214266856089e-04	1.16631756563159e-02	1
27	16	6.30029994774642e-04	1.30013995927807e-02	1
28	16	6.64218696368614e-04	1.38938858905124e-02	1
29	16	6.92535997070830e-04	1.45733300761385e-02	1
30	16	7.31357874221608e-04	1.44520996184161e-02	1
31	16	7.69461201149247e-04	1.56998487777898e-02	1
32	16	7.99542447869819e-04	1.48705545882748e-02	1
33	16	8.43763805589270e-04	1.70789529966867e-02	1
34	16	8.88715360241378e-04	1.73188107545079e-02	1
35	16	9.46549121379472e-04	1.92801113066249e-02	1
36	16	9.81019805651203e-04	1.98818979109257e-02	1
37	16	1.03180706494724e-03	2.01861003255487e-02	1
38	16	1.08607538216733e-03	2.08341916982055e-02	1
39	16	1.12420170910582e-03	2.36040328537495e-02	1
40	16	1.17583504328239e-03	2.42163375690802e-02	1
41	16	1.21026743665040e-03	2.24952839250159e-02	1
42	16	1.27117661695407e-03	2.65966275323019e-02	1
43	16	1.31051898298544e-03	2.75643117328345e-02	1
44	16	1.36981700643568e-03	2.70796912996120e-02	1
45	16	1.42178969949190e-03	2.97911880089692e-02	1
46	16	1.46697866144783e-03	3.03938551993204e-02	1
47	16	1.51727321860082e-03	2.98578294817748e-02	1
48	16	1.54746537782289e-03	3.33963015528540e-02	1
49	16	1.58198404514144e-03	3.08457582965523e-02	1
50	16	1.60698394647277e-03	3.26955786877123e-02	1
51	16	1.64059965255264e-03	3.08504274553485e-02	1
52	16	1.68129622592222e-03	3.24347274723003e-02	1
53	16	1.70786162484846e-03	3.31067200125961e-02	1
54	16	1.73680866211012e-03	3.47537758208869e-02	1
55	16	1.76785894667195e-03	3.35673081144251e-02	1
56	16	1.80349292760496e-03	3.62579026621582e-02	1
57	16	1.83552519611851e-03	3.89248399916012e-02	1
58	16	1.86581893080205e-03	3.93978325624333e-02	1
59	16	1.89900032806482e-03	3.63645618896176e-02	1
60	16	1.93132817643736e-03	3.92850402693781e-02	1
61	16	1.95963682276546e-03	3.99885671195958e-02	1
62	16	1.97536892913542e-03	3.89144008384770e-02	1
63	16	2.00942406139179e-03	4.21377871953351e-02	1
64	16	2.02968213119534e-03	4.33669938065423e-02	1
65	16	2.04984812933487e-03	4.07475658379446e-02	1
66	16	2.06949814713538e-03	4.00691968170698e-02	1
67	16	2.08262622643455e-03	3.96713273507662e-02	1
68	16	2.10424841558664e-03	4.11528608519173e-02	1
69	16	2.12139436014134e-03	3.88818440622546e-02	1
70	16	2.14258308011422e-03	4.06425879604215e-02	1
71	16	2.15082451989863e-03	4.46388533743379e-02	1
72	16	2.16838680582251e-03	4.22609994946944e-02	1
1	21	1.14160773601799e-03	2.25918679858497e-02	1
2	21	1.10418092017710e-03	2.29368576243421e-02	1
3	21	1.05084239913761e-03	2.06213775485112e-02	1
4	21	1.01228156241726e-03	1.88967607890062e-02	1
5	21	9.56330913963706e-04	1.93464636211941e-02	1
6	21	9.14932763997637e-04	1.89723754979776e-02	1
7	21	8.59817665084376e-04	1.77034777402283e-02	1
8	21	8.13379507135126e-04	1.68518508364617e-02	1
9	21	7.72647355216578e-04	1.45996190603953e-02	1
10	21	7.15084491689802e-04	1.31541297370432e-02	1
11	21	6.73034422196332e-04	1.29623945654397e-02	1
12	21	6.21547375475070e-04	1.21672940470648e-02	1
13	21	5.81724008853422e-04	1.18814505765938e-02	1
14	21	5.28195616998539e-04	1.06378705168333e-02	1
15	21	4.83008956995651e-04	8.45650583294669e-03	1
16	21	4.21690120862614e-04	8.55749927212126e-03	1
17	21	3.54660395268969e-04	7.46546735790886e-03	1
18	21	2.99668287764139e-04	6.02315275704916e-03	1
19	21	1.95802850061369e-04	3.49907645900429e-03	1
20	21	1.16149737966696e-04	2.05898541495708e-03	1
22	21	8.89155786402194e-05	1.53985604345847e-03	1
23	21	1.93531448630373e-04	3.71817896504000e-03	1
24	21	2.91525273814764e-04	5.85954541768923e-03	1
25	21	3.20396044384850e-04	5.60044090407743e-03	1
26	21	3.72026738733638e-04	7.47285869356239e-03	1
27	21	3.98121144141200e-04	7.44558162828568e-03	1
28	21	4.32309845735173e-04	7.89618512196154e-03	1
29	21	4.60627146437389e-04	9.09134939981983e-03	1
30	21	4.99449023588167e-04	1.02256419159386e-02	1
31	21	5.37552350515806e-04	1.07191058750751e-02	1
32	21	5.67885628241412e-04	1.11499848560366e-02	1
33	21	6.12517041616582e-04	1.18160409795073e-02	1
34	21	6.57567316890156e-04	1.24477717519934e-02	1
35	21	7.15401078028250e-04	1.45961591962594e-02	1
36	21	7.49871762299981e-04	1.40874887965611e-02	1
37	21	8.00659021596015e-04	1.48229833503302e-02	1
38	21	8.54927338816109e-04	1.57863786813759e-02	1
39	21	8.93053665754601e-04	1.86707768634848e-02	1
40	21	9.44686999931164e-04	1.64762691411451e-02	1
41	21	9.79119393299180e-04	2.00413755167789e-02	1
42	21	1.04002857360285e-03	2.15989050089525e-02	1
43	21	1.07937093963422e-03	2.00091200042716e-02	1
44	21	1.13866896308446e-03	2.46920940935691e-02	1
45	21	1.19064165614068e-03	2.47559528244304e-02	1
46	21	1.23583061809661e-03	2.34402510778499e-02	1
47	21	1.28893207530811e-03	2.56033854484865e-02	1
48	21	1.32929490300538e-03	2.99533860781118e-02	1
49	21	1.37895769149697e-03	2.71445957177400e-02	1
50	21	1.41334787769410e-03	2.65681115115693e-02	1
51	21	1.46973914830419e-03	2.85310534809380e-02	1
52	21	1.51420661831475e-03	3.14781994206548e-02	1
53	21	1.54077201724098e-03	3.19247178097449e-02	1
54	21	1.56971905450265e-03	3.25613576607956e-02	1
55	21	1.60076933906448e-03	3.22867654677170e-02	1
56	21	1.63650817125635e-03	3.37045931215156e-02	1
57	21	1.66854043976991e-03	3.30074546253071e-02	1
58	21	1.69883417445345e-03	3.74546225483638e-02	1
59	21	1.73201557171622e-03	3.47686532923359e-02	1
60	21	1.76472857999986e-03	3.74499771666386e-02	1
61	21	1.79478636602160e-03	3.97972480450808e-02	1
62	21	1.81051847239156e-03	3.67225708360745e-02	1
63	21	1.84457360464792e-03	3.53239854348720e-02	1
64	21	1.86483167445147e-03	3.96991338695748e-02	1
65	21	1.88499767259100e-03	3.52844740604094e-02	1
66	21	1.90464769039152e-03	3.36382985892891e-02	1
67	21	1.91777576969068e-03	3.39208738684851e-02	1
68	21	1.93939795884278e-03	3.83490559870922e-02	1
69	21	1.95654390339748e-03	3.69315857951808e-02	1
70	21	1.97773262337035e-03	3.78010499606512e-02	1
71	21	1.98597406315477e-03	4.12086939925379e-02	1
72	21	2.00353634907864e-03	3.88007255522898e-02	1
1	26	1.28829019115824e-03	2.41418402324921e-02	1
2	26	1.25086337531735e-03	2.41248188700366e-02	1
3	26	1.20173517507224e-03	2.21570987353605e-02	1
4	26	1.16864955854307e-03	2.29883670654176e-02	1
5	26	1.11601477647129e-03	2.18613198747121e-02	1
6	26	1.07487956534415e-03	2.05306466067930e-02	1
7	26	1.02311040996049e-03	2.06205690140271e-02	1
8	26	9.80250500157463e-04	1.82305913698465e-02	1
9	26	9.41498958591094e-04	1.87061931300817e-02	1
10	26	8.85009417558151e-04	1.86585178156983e-02	1
11	26	8.42959348064681e-04	1.76221241897797e-02	1
12	26	7.91472301343419e-04	1.75361211349683e-02	1
13	26	7.51648934721772e-04	1.26684251859923e-02	1
14	26	6.99852378625782e-04	1.51015083913983e-02	1
15	26	6.62112778701180e-04	1.26451778791003e-02	1
16	26	6.06214266856089e-04	1.02740368912784e-02	1
17	26	5.52474956081220e-04	1.14302073877577e-02	1
18	26	5.19978567883869e-04	1.08791147563182e-02	1
19	26	4.68560644474355e-04	9.40789563342963e-03	1
20	26	4.24832966248828e-04	7.67249472573717e-03	1
21	26	3.72026738733638e-04	7.52087405579728e-03	1
22	26	3.25551152292067e-04	6.23438665710170e-03	1
23	26	2.71836637709219e-04	5.28262374542558e-03	1
24	26	1.96778610798543e-04	3.84018708739810e-03	1
25	26	1.16788850844013e-04	2.05650557576417e-03	1
27	26	9.23010454900751e-05	1.59386248654456e-03	1
28	26	1.93062669124379e-04	4.00165355180194e-03	1
29	26	2.30031399037769e-04	4.70260929874429e-03	1
30	26	2.73873050307382e-04	5.49387330207262e-03	1
31	26	3.11976377235020e-04	6.62456747724854e-03	1
32	26	3.42309654960627e-04	6.63793135842218e-03	1
33	26	3.86941068335797e-04	7.36671641725236e-03	1
34	26	4.31991343609370e-04	9.54661606579109e-03	1
35	26	4.89825104747465e-04	1.00696816342806e-02	1
36	26	5.24295789019196e-04	1.13028222711655e-02	1
37	26	5.75083048315230e-04	1.15849486803999e-02	1
38	26	6.29351365535324e-04	1.22009480304632e-02	1
39	26	6.67477692473815e-04	1.28533340113019e-02	1
40	26	7.19111026650379e-04	1.38838314856294e-02	1
41	26	7.53543420018395e-04	1.49634869366467e-02	1
42	26	8.14452600322064e-04	1.55609125464181e-02	1
43	26	8.53794966353433e-04	1.62214812687683e-02	1
44	26	9.13092989803674e-04	1.89265746411114e-02	1
45	26	9.65065682859895e-04	1.75722285564017e-02	1
46	26	1.01025464481582e-03	2.11992736403429e-02	1
47	26	1.06335610202732e-03	2.06616616162937e-02	1
48	26	1.10371892972459e-03	2.18528767406382e-02	1
49	26	1.15338171821618e-03	2.48045870768139e-02	1
50	26	1.18777190441331e-03	2.32721535999753e-02	1
51	26	1.24416317502340e-03	2.52692107289666e-02	1
52	26	1.30508019898112e-03	2.62015064774508e-02	1
53	26	1.34386338834731e-03	2.72519524846739e-02	1
54	26	1.38465251068927e-03	2.69093031978965e-02	1
55	26	1.42755472433627e-03	2.74585024731316e-02	1
56	26	1.47547946887607e-03	2.94247573859492e-02	1
57	26	1.51268320248207e-03	2.89342500810351e-02	1
58	26	1.54365999339284e-03	2.94443271724579e-02	1
59	26	1.57684139065561e-03	2.86461665705419e-02	1
60	26	1.60955439893924e-03	3.22844453119782e-02	1
61	26	1.64245134240766e-03	3.13633889378159e-02	1
62	26	1.65818344877762e-03	3.56766226508923e-02	1
63	26	1.69383412545032e-03	3.27360104178490e-02	1
64	26	1.71409219525387e-03	3.46838773952468e-02	1
65	26	1.73425819339340e-03	3.57234473408426e-02	1
66	26	1.75390821119391e-03	3.54903256897390e-02	1
67	26	1.76703629049308e-03	3.62021766031707e-02	1
68	26	1.78865847964517e-03	3.48301413547694e-02	1
69	26	1.80580442419988e-03	3.60583336422989e-02	1
70	26	1.82699314417275e-03	3.43780582537403e-02	1
71	26	1.83523458395716e-03	3.60019810403807e-02	1
72	26	1.85279686988104e-03	3.49269363737177e-02	1
1	31	1.40896601793601e-03	2.75127342145042e-02	1
2	31	1.37747762441330e-03	2.78766860299612e-02	1
3	31	1.33382796458616e-03	2.60610500393530e-02	1
4	31	1.30601998253962e-03	2.69744701879338e-02	1
5	31	1.25413762300620e-03	2.36547149364743e-02	1
6	31	1.21450878367802e-03	2.50731593363499e-02	1
7	31	1.16776782074451e-03	2.45231520543956e-02	1
8	31	1.12490791094148e-03	2.07925313221710e-02	1
9	31	1.08755275912319e-03	1.95858764806383e-02	1
10	31	1.03345881171399e-03	2.09139028846855e-02	1
11	31	9.92452301769561e-04	1.82484012015466e-02	1
12	31	9.44611896006314e-04	1.90165954707138e-02	1
13	31	9.08751953070004e-04	1.68687728070623e-02	1
14	31	8.57757573534171e-04	1.74248640780332e-02	1
15	31	8.22873239095665e-04	1.61850955726212e-02	1
16	31	7.69461201149247e-04	1.58956763595869e-02	1
17	31	7.15721890374378e-04	1.35898992733629e-02	1
18	31	6.83225502177027e-04	1.47021985389540e-02	1
19	31	6.31807578767513e-04	1.22418399018098e-02	1
20	31	5.88079900541986e-04	1.10792981235212e-02	1
21	31	5.37552350515805e-04	1.07683307959014e-02	1
22	31	4.95362319544318e-04	9.36039017903891e-03	1
23	31	4.45436872336241e-04	8.78487617332528e-03	1
24	31	4.02463783470298e-04	7.46224281104054e-03	1
25	31	3.61258930947163e-04	7.28645671363468e-03	1
26	31	3.11976377235020e-04	6.71791360898231e-03	1
27	31	2.68210670777802e-04	5.54499331422707e-03	1
28	31	2.15094300637213e-04	3.95050208538044e-03	1
29	31	1.84032491287967e-04	3.52108109519631e-03	1
30	31	1.14334405522892e-04	2.27185830329880e-03	1
32	31	8.78518622315209e-05	1.55051985447616e-03	1
33	31	1.57726291803848e-04	2.82295940520456e-03	1
34	31	2.02776567077422e-04	3.87199690701309e-03	1
35	31	2.60610328215516e-04	5.47094793298726e-03	1
36	31	2.95081012487247e-04	5.86356249092127e-03	1
37	31	3.45868271783282e-04	7.09581692243111e-03	1
38	31	4.00136589003376e-04	8.26930035357852e-03	1
39	31	4.38262915941867e-04	8.92335337373210e-03	1
40	31	4.89896250118431e-04	8.86805293578819e-03	1
41	31	5.24328643486447e-04	1.03392598399904e-02	1
42	31	5.85237823790116e-04	1.27256826966620e-02	1
43	31	6.24580189821485e-04	1.25486950659803e-02	1
44	31	6.83878213271726e-04	1.26243732880274e-02	1
45	31	7.35850906327947e-04	1.27983561251549e-02	1
46	31	7.81039868283876e-04	1.45180925922435e-02	1
47	31	8.34141325495373e-04	1.68800271592782e-02	1
48	31	8.74504153192646e-04	1.67429032921961e-02	1
49	31	9.24166941684233e-04	1.80967866429009e-02	1
50	31	9.58557127881365e-04	1.75087566500087e-02	1
51	31	1.01494839849146e-03	1.80639825228224e-02	1
52	31	1.07586542244917e-03	2.03555613602411e-02	1
53	31	1.11464861181536e-03	2.17734376166873e-02	1
54	31	1.15543773415732e-03	2.28228012299766e-02	1
55	31	1.19833994780432e-03	2.37684873778372e-02	1
56	31	1.24626469234412e-03	2.51203349577633e-02	1
57	31	1.28621864257081e-03	2.52222949823399e-02	1
58	31	1.32829659212310e-03	2.77635049862249e-02	1
59	31	1.37341747255080e-03	2.73019530337994e-02	1
60	31	1.41621013108018e-03	3.08171608799949e-02	1
61	31	1.45561895136336e-03	2.84065189475978e-02	1
62	31	1.47135105773332e-03	2.93808747612019e-02	1
63	31	1.51140961739519e-03	3.24317399549802e-02	1
64	31	1.53188557152558e-03	2.99316685199566e-02	1
65	31	1.55205156966512e-03	2.97209841069200e-02	1
66	31	1.57170158746563e-03	2.97868128305528e-02	1
67	31	1.58482966676480e-03	3.11366693634984e-02	1
68	31	1.60707187713088e-03	3.17983997915117e-02	1
69	31	1.62421782168558e-03	3.11344031924830e-02	1
70	31	1.64540654165845e-03	3.40800781165233e-02	1
71	31	1.65364798144287e-03	3.27269536376091e-02	1
72	31	1.67162972497545e-03	3.50320853738520e-02	1
1	36	1.55778258381225e-03	3.00165389059241e-02	1
2	36	1.53009260190603e-03	3.00872297740075e-02	1
3	36	1.49464466030030e-03	3.01656154847659e-02	1
4	36	1.48010222048842e-03	3.10096323640543e-02	1
5	36	1.43551818619868e-03	2.96719194736911e-02	1
6	36	1.41309790800210e-03	2.84053001684228e-02	1
7	36	1.37433506169047e-03	2.81941954681183e-02	1
8	36	1.33345159290271e-03	2.73941543281409e-02	1
9	36	1.29609644108442e-03	2.70141088393864e-02	1
10	36	1.24200249367522e-03	2.62671596091550e-02	1
11	36	1.20099598373079e-03	2.51628524122334e-02	1
12	36	1.15398922542415e-03	2.38653333437964e-02	1
13	36	1.11812928248784e-03	2.12714472715509e-02	1
14	36	1.06713490295201e-03	2.13779328953203e-02	1
15	36	1.03253627501380e-03	1.99110073817519e-02	1
16	36	9.81019805651204e-04	1.96636454669980e-02	1
17	36	9.28041302158554e-04	1.76531988546194e-02	1
18	36	8.95544913961203e-04	1.96014231085654e-02	1
19	36	8.44126990551689e-04	1.51896663875782e-02	1
20	36	8.00399312326161e-04	1.53256398300782e-02	1
21	36	7.49871762299981e-04	1.56083311620872e-02	1
22	36	7.07681731328494e-04	1.36920106816990e-02	1
23	36	6.57756284120417e-04	1.31711840569766e-02	1
24	36	6.14783195254474e-04	1.05596356219239e-02	1
25	36	5.73578342731339e-04	1.17055936004875e-02	1
26	36	5.24295789019196e-04	9.99829286138629e-03	1
27	36	4.80530082561978e-04	9.90234186446505e-03	1
28	36	4.27413712421389e-04	7.63986026534050e-03	1
29	36	3.98546876903612e-04	7.86567700675874e-03	1
30	36	3.45973722442827e-04	6.69749477907178e-03	1
31	36	2.95081012487247e-04	5.85987102883710e-03	1
32	36	2.59362688991857e-04	5.10857460001656e-03	1
33	36	2.07291448824992e-04	3.82885480036144e-03	1
34	36	1.68744514653660e-04	3.00717048416811e-03	1
35	36	9.19393570748766e-05	1.60637400909833e-03	1
37	36	1.22619331888965e-04	2.40416655635852e-03	1
38	36	2.02498854839168e-04	4.03500547791460e-03	1
39	36	2.41510729042529e-04	4.44283695405584e-03	1
40	36	2.93144063219092e-04	5.84218945603358e-03	1
41	36	3.27576456587109e-04	6.34732966364710e-03	1
42	36	3.88485636890777e-04	7.62173688838699e-03	1
43	36	4.27828002922147e-04	8.65100808436478e-03	1
44	36	4.87126026372387e-04	9.68281887220296e-03	1
45	36	5.39098719428608e-04	9.92688512346713e-03	1
46	36	5.84287681384537e-04	1.08228824408413e-02	1
47	36	6.38172389369241e-04	1.28664100143412e-02	1
48	36	6.79153694047516e-04	1.19493063254984e-02	1
49	36	7.33063560035201e-04	1.52923876703737e-02	1
50	36	7.69638548071071e-04	1.53790705924863e-02	1
51	36	8.26029818681162e-04	1.71166905543568e-02	1
52	36	8.87299783063701e-04	1.63848230472021e-02	1
53	36	9.27265011911582e-04	1.95373622195271e-02	1
54	36	9.68521887615446e-04	1.84593334468631e-02	1
55	36	1.01412500976165e-03	2.04160672688524e-02	1
56	36	1.06342458743251e-03	1.96575281941291e-02	1
57	36	1.10337853765920e-03	2.23963827661428e-02	1
58	36	1.14810708053041e-03	2.13706964926422e-02	1
59	36	1.19573427970381e-03	2.32916230800174e-02	1
60	36	1.23874283723590e-03	2.70758183409544e-02	1
61	36	1.28734066152793e-03	2.59865314380740e-02	1
62	36	1.31322789199132e-03	2.51377701473655e-02	1
63	36	1.36123734280406e-03	2.80191349276161e-02	1
64	36	1.40187768696435e-03	2.88876545606671e-02	1
65	36	1.43283435675632e-03	2.54283784242933e-02	1
66	36	1.46817322130994e-03	2.86945851532192e-02	1
67	36	1.49135215589156e-03	3.01093463190133e-02	1
68	36	1.52715811520592e-03	3.26490118189596e-02	1
69	36	1.55159514993878e-03	3.30349832993254e-02	1
70	36	1.57681632050764e-03	3.11353632587396e-02	1
71	36	1.58505776029206e-03	3.34498782065103e-02	1
72	36	1.60303950382464e-03	3.13731935464405e-02	1
1	41	1.73019675845191e-03	3.40867907208199e-02	1
2	41	1.70250677654569e-03	3.27909329597496e-02	1
3	41	1.66705883493996e-03	3.16112953019859e-02	1
4	41	1.65251639512808e-03	3.26986179499083e-02	1
5	41	1.60793236083834e-03	3.29393409265356e-02	1
6	41	1.58551208264176e-03	3.28528450724855e-02	1
7	41	1.56147988647605e-03	3.23506029382063e-02	1
8	41	1.52929413648850e-03	3.08457462216084e-02	1
9	41	1.50466590485381e-03	2.97663113000628e-02	1
10	41	1.46637575339955e-03	3.00301014714085e-02	1
11	41	1.43024361472999e-03	2.90532782447885e-02	1
12	41	1.38323685642335e-03	3.01392600510202e-02	1
13	41	1.34737691348704e-03	2.83339615277779e-02	1
14	41	1.29638253395121e-03	2.45834492313256e-02	1
15	41	1.26178390601299e-03	2.39928719175358e-02	1
16	41	1.21026743665040e-03	2.49352782681672e-02	1
17	41	1.15728893315775e-03	2.33192907163993e-02	1
18	41	1.12479254496040e-03	2.49560282132153e-02	1
19	41	1.07337462155089e-03	1.96918489158985e-02	1
20	41	1.02964694332536e-03	2.06364000581095e-02	1
21	41	9.79119393299181e-04	1.87627284392894e-02	1
22	41	9.36929362327693e-04	1.74688626250318e-02	1
23	41	8.87003915119616e-04	1.56402159161589e-02	1
24	41	8.44030826253674e-04	1.86687055118438e-02	1
25	41	8.02825973730539e-04	1.60727755660373e-02	1
26	41	7.53543420018396e-04	1.34755715318762e-02	1
27	41	7.09777713561177e-04	1.43951269974822e-02	1
28	41	6.56661343420588e-04	1.26608313037552e-02	1
29	41	6.27794507902812e-04	1.20628740909599e-02	1
30	41	5.75221353442027e-04	1.15499994933645e-02	1
31	41	5.24328643486447e-04	1.00572585807016e-02	1
32	41	4.88610319991057e-04	9.34963844378521e-03	1
33	41	4.36539079824192e-04	9.33715776161538e-03	1
34	41	3.99256893220211e-04	7.78754607922644e-03	1
35	41	3.61569733331556e-04	7.15142469550441e-03	1
36	41	3.27576456587109e-04	6.73435552061999e-03	1
37	41	2.84369308499966e-04	5.08791333220275e-03	1
38	41	2.34728351623182e-04	4.80958746108289e-03	1
39	41	1.94542408850619e-04	3.81420951050182e-03	1
40	41	9.18731391381019e-05	1.67741290431590e-03	1
42	41	1.24479780197997e-04	2.25621970678600e-03	1
43	41	2.08850443250510e-04	4.29531354643935e-03	1
44	41	2.84691514593940e-04	5.50602659539626e-03	1
45	41	3.46419193946000e-04	6.69260043798770e-03	1
46	41	3.93504072107840e-04	8.29196132913597e-03	1
47	41	4.51358164356787e-04	8.69025414372161e-03	1
48	41	4.92339469035062e-04	9.19774565075998e-03	1
49	41	5.46249335022747e-04	1.06321523294851e-02	1
50	41	5.83930304662636e-04	1.20486496938472e-02	1
51	41	6.41783620722449e-04	1.33128231255150e-02	1
52	41	7.07447580204632e-04	1.31208114320673e-02	1
53	41	7.48648346852208e-04	1.39096255343341e-02	1
54	41	7.93192686948497e-04	1.58147358549433e-02	1
55	41	8.40446748351606e-04	1.68797241490880e-02	1
56	41	8.96980818104567e-04	1.74332480535508e-02	1
57	41	9.37888748045316e-04	1.80947129440849e-02	1
58	41	9.85142286994906e-04	2.07225370695430e-02	1
59	41	1.03444008249659e-03	2.03094089379184e-02	1
60	41	1.07803743826448e-03	2.15070363043352e-02	1
61	41	1.12693335919639e-03	2.32734703420976e-02	1
62	41	1.15543635995037e-03	2.26813367545232e-02	1
63	41	1.20598120072860e-03	2.44860994267938e-02	1
64	41	1.24819713190998e-03	2.46274803563578e-02	1
65	41	1.28420182097899e-03	2.33051574587624e-02	1
66	41	1.32335567059792e-03	2.63424631223448e-02	1
67	41	1.34847549225015e-03	2.45977647827930e-02	1
68	41	1.38822022879175e-03	2.57763360932736e-02	1
69	41	1.41426507952084e-03	2.57667821455725e-02	1
70	41	1.44440731016127e-03	3.04574170058466e-02	1
71	41	1.46605616063002e-03	2.71571132221555e-02	1
72	41	1.50240585798593e-03	2.90495818384710e-02	1
1	46	1.92474642309774e-03	3.84116997571695e-02	1
2	46	1.89715458270376e-03	3.76575086946972e-02	1
3	46	1.86170664109804e-03	3.40815926699163e-02	1
4	46	1.84716420128616e-03	3.75006129080040e-02	1
5	46	1.80258016699641e-03	3.74839319775951e-02	1
6	46	1.78015988879983e-03	3.36340078230010e-02	1
7	46	1.75612769263413e-03	3.55251291427480e-02	1
8	46	1.72419853763096e-03	3.22255563380932e-02	1
9	46	1.70161448421955e-03	3.25722306482573e-02	1
10	46	1.66391487794687e-03	3.21846193569545e-02	1
11	46	1.63320730639917e-03	3.01283102530501e-02	1
12	46	1.60594736939756e-03	3.21068393660322e-02	1
13	46	1.57724424817977e-03	3.18957569880557e-02	1
14	46	1.54208556842944e-03	3.01022622722460e-02	1
15	46	1.51422873802464e-03	3.14839938465648e-02	1
16	46	1.46697866144783e-03	2.81622086816385e-02	1
17	46	1.41400015795518e-03	3.12632299176136e-02	1
18	46	1.38150376975783e-03	2.75769178336981e-02	1
19	46	1.33008584634831e-03	2.76302115362786e-02	1
20	46	1.28635816812279e-03	2.63371182847007e-02	1
21	46	1.23583061809661e-03	2.61245093510869e-02	1
22	46	1.19364058712512e-03	2.28935569123531e-02	1
23	46	1.14371513991704e-03	2.21396594087203e-02	1
24	46	1.10074205105110e-03	2.16854474422490e-02	1
25	46	1.05953719852797e-03	2.04073597420081e-02	1
26	46	1.01025464481582e-03	2.03370765744630e-02	1
27	46	9.66488938358605e-04	1.90838129142608e-02	1
28	46	9.13372568218016e-04	1.90941888018856e-02	1
29	46	8.84505732700240e-04	1.73499416321759e-02	1
30	46	8.31932578239455e-04	1.75793205074006e-02	1
31	46	7.81039868283875e-04	1.43910084484817e-02	1
32	46	7.45321544788485e-04	1.50958669763379e-02	1
33	46	6.93250304621620e-04	1.30734800663962e-02	1
34	46	6.55968118017639e-04	1.35757457030631e-02	1
35	46	6.18280958128984e-04	1.22664875706628e-02	1
36	46	5.84287681384537e-04	1.17095003823776e-02	1
37	46	5.41080533297395e-04	1.04888130960078e-02	1
38	46	4.99951410326901e-04	9.68053708412380e-03	1
39	46	4.67234954460327e-04	8.58185157430665e-03	1
40	46	4.33576429034963e-04	7.94695954580293e-03	1
41	46	3.93504072107840e-04	8.54468907622324e-03	1
42	46	3.44185441042637e-04	7.39439049184821e-03	1
43	46	3.01217230040116e-04	5.29384050805230e-03	1
44	46	2.10828246795059e-04	3.78238701431189e-03	1
45	46	9.45343913154612e-05	1.64270216210673e-03	1
47	46	1.22171229338160e-04	2.29318980920757e-03	1
48	46	2.06785388510592e-04	3.92521279972339e-03	1
49	46	3.16288611374951e-04	6.56745278951296e-03	1
50	46	3.71821738096628e-04	7.17129952920121e-03	1
51	46	4.42480481911262e-04	8.73982531602120e-03	1
52	46	5.20725824019871e-04	9.51250696532334e-03	1
53	46	5.64196028141534e-04	1.11132705237221e-02	1
54	46	6.08740368237823e-04	1.31356835900695e-02	1
55	46	6.55994429640932e-04	1.18198774839598e-02	1
56	46	7.14367220337174e-04	1.45327156172011e-02	1
57	46	7.55275150277922e-04	1.48160356084160e-02	1
58	46	8.06831126373782e-04	1.60771113531821e-02	1
59	46	8.59910322249772e-04	1.76183459476173e-02	1
60	46	9.06795513373340e-04	1.76685880519347e-02	1
61	46	9.61116469249925e-04	1.75204725805525e-02	1
62	46	9.90410932363374e-04	2.06224449864366e-02	1
63	46	1.04331552704634e-03	2.01927078952244e-02	1
64	46	1.08553145822771e-03	2.26380863661466e-02	1
65	46	1.12927367848380e-03	2.18891758226630e-02	1
66	46	1.16982657676194e-03	2.24187440640475e-02	1
67	46	1.20121927240683e-03	2.38118156218943e-02	1
68	46	1.24299829149560e-03	2.47658943501082e-02	1
69	46	1.27147478765748e-03	2.33565176024996e-02	1
70	46	1.30248920276981e-03	2.61958044167233e-02	1
71	46	1.32569717584325e-03	2.42416022095103e-02	1
72	46	1.36218795221281e-03	2.78895751732400e-02	1
1	51	2.07513227771031e-03	4.21094475668070e-02	1
2	51	2.04754043731634e-03	4.17834042451302e-02	1
3	51	2.01209249571061e-03	4.00637835013663e-02	1
4	51	1.99755005589873e-03	3.89128515859154e-02	1
5	51	1.95296602160899e-03	3.76558985565604e-02	1
6	51	1.93054574341240e-03	4.17953488598551e-02	1
7	51	1.90651354724670e-03	3.73867524890208e-02	1
8	51	1.87458439224353e-03	3.81467319974341e-02	1
9	51	1.85200033883212e-03	3.85484898915482e-02	1
10	51	1.81546306830844e-03	3.69280678406765e-02	1
11	51	1.78669689622944e-03	3.42905071039421e-02	1
12	51	1.76260118602005e-03	3.26582032764488e-02	1
13	51	1.73621817305888e-03	3.30626256195017e-02	1
14	51	1.70149540114416e-03	3.23058679366125e-02	1
15	51	1.67677774369460e-03	3.44693225321620e-02	1
16	51	1.64059965255265e-03	3.16697553903064e-02	1
17	51	1.60045029849534e-03	3.23485159117681e-02	1
18	51	1.57862223898706e-03	3.12843278898784e-02	1
19	51	1.53799031072396e-03	2.88744219360667e-02	1
20	51	1.50908228035030e-03	3.15738579106643e-02	1
21	51	1.46973914830419e-03	2.94084049441896e-02	1
22	51	1.42754911733270e-03	3.03266821820859e-02	1
23	51	1.37762367012462e-03	2.79817949314527e-02	1
24	51	1.33465058125868e-03	2.75955995250729e-02	1
25	51	1.29344572873555e-03	2.59921537037338e-02	1
26	51	1.24416317502340e-03	2.35350614226381e-02	1
27	51	1.20039746856619e-03	2.38205853982566e-02	1
28	51	1.14728109842560e-03	2.22636510589386e-02	1
29	51	1.11841426290782e-03	2.25613347724641e-02	1
30	51	1.06584110844704e-03	2.18366212425512e-02	1
31	51	1.01494839849146e-03	1.99999101231465e-02	1
32	51	9.79230074996066e-04	2.00248878547652e-02	1
33	51	9.27435167346763e-04	1.70319994998184e-02	1
34	51	8.94064699578161e-04	1.79525920100423e-02	1
35	51	8.57783082521223e-04	1.78076820428021e-02	1
36	51	8.26029818681162e-04	1.64584786114668e-02	1
37	51	7.85390697647760e-04	1.54604282430230e-02	1
38	51	7.44261574677267e-04	1.46934405021707e-02	1
39	51	7.11545118810693e-04	1.35992427450569e-02	1
40	51	6.77886593385329e-04	1.38738747993362e-02	1
41	51	6.41783620722449e-04	1.26948722309098e-02	1
42	51	6.04676976621319e-04	1.22714120773022e-02	1
43	51	5.67845401989993e-04	1.04090497383868e-02	1
44	51	5.23150097519818e-04	9.63314300656051e-03	1
45	51	4.77956004718073e-04	8.97527683808073e-03	1
46	51	4.42480481911262e-04	8.80387927174828e-03	1
47	51	3.82616103975240e-04	7.30614997118585e-03	1
48	51	3.14566468498009e-04	6.10373239462721e-03	1
49	51	2.04158219541221e-04	4.25567853856960e-03	1
50	51	1.23319206931864e-04	2.15234336178153e-03	1
52	51	1.20787482614168e-04	2.27370277092338e-03	1
53	51	2.03674438082575e-04	3.82490121249109e-03	1
54	51	3.10699601785051e-04	5.67478060834192e-03	1
55	51	3.87407648680847e-04	6.98633194240741e-03	1
56	51	4.88158499055880e-04	9.55192794489595e-03	1
57	51	5.49513418757485e-04	1.05450727711204e-02	1
58	51	6.22131508476199e-04	1.23600562917679e-02	1
59	51	6.85230296751893e-04	1.23533530326803e-02	1
60	51	7.38515913935592e-04	1.51115458365016e-02	1
61	51	7.93826362951078e-04	1.57656055631072e-02	1
62	51	8.24195248531928e-04	1.74492302337882e-02	1
63	51	8.79049471573270e-04	1.75076671769944e-02	1
64	51	9.21265402754648e-04	1.89973249566579e-02	1
65	51	9.70967509176943e-04	2.08567578725385e-02	1
66	51	1.01263852516462e-03	1.95267528973950e-02	1
67	51	1.04509992934833e-03	2.07864074041467e-02	1
68	51	1.08728127295066e-03	2.05646070131236e-02	1
69	51	1.11933253736302e-03	2.41996688361353e-02	1
70	51	1.15079451320312e-03	2.28480799721140e-02	1
71	51	1.18070754145906e-03	2.36364797588995e-02	1
72	51	1.22162356310637e-03	2.32815075525911e-02	1
1	56	2.23800934078630e-03	4.69612455937153e-02	1
2	56	2.21041750039232e-03	4.29828721093226e-02	1
3	56	2.17496955878660e-03	4.18642482165807e-02	1
4	56	2.16042711897472e-03	4.49545084919504e-02	1
5	56	2.11584308468497e-03	4.42255612518689e-02	1
6	56	2.09342280648839e-03	4.02572295270056e-02	1
7	56	2.06939061032268e-03	4.18017536754908e-02	1
8	56	2.03746145531951e-03	4.05256370894483e-02	1
9	56	2.01487740190811e-03	4.12471121333055e-02	1
10	56	1.97834013138442e-03	3.72944364070249e-02	1
11	56	1.94957395930543e-03	3.83584340338846e-02	1
12	56	1.92547824909603e-03	3.73349135119431e-02	1
13	56	1.89909523613486e-03	4.01791876552818e-02	1
14	56	1.86437246422015e-03	3.43392778940747e-02	1
15	56	1.83965480677058e-03	3.87925200734765e-02	1
16	56	1.80349292760496e-03	3.48321405343622e-02	1
17	56	1.76527975012113e-03	3.57196578628146e-02	1
18	56	1.74435455205977e-03	3.63046920209028e-02	1
19	56	1.70372262379666e-03	3.09248398630186e-02	1
20	56	1.67481459342300e-03	3.36981005978296e-02	1
21	56	1.63650817125635e-03	3.18728760150738e-02	1
22	56	1.60918782115202e-03	3.27515139127466e-02	1
23	56	1.57230186668065e-03	3.16378023506026e-02	1
24	56	1.54281677738241e-03	3.22137082088242e-02	1
25	56	1.51572243414182e-03	2.73985923973505e-02	1
26	56	1.47547946887607e-03	2.93158082852191e-02	1
27	56	1.43171376241885e-03	3.14048283196162e-02	1
28	56	1.37859739227826e-03	2.84675147266771e-02	1
29	56	1.34973055676048e-03	2.89082307814591e-02	1
30	56	1.29715740229970e-03	2.79098529303717e-02	1
31	56	1.24626469234412e-03	2.42447354588118e-02	1
32	56	1.21054636884873e-03	2.38318210962225e-02	1
33	56	1.15904781242336e-03	2.36905796532291e-02	1
34	56	1.12924846284121e-03	2.18335068914495e-02	1
35	56	1.09459862026657e-03	2.21367428543302e-02	1
36	56	1.06342458743251e-03	1.89380410338020e-02	1
37	56	1.02677503073034e-03	1.97400140647854e-02	1
38	56	9.94833259138723e-04	1.83782656277547e-02	1
39	56	9.63381202088729e-04	1.91885298774950e-02	1
40	56	9.31207597194611e-04	1.73048805755956e-02	1
41	56	8.96980818104567e-04	1.90548106359901e-02	1
42	56	8.61117202568589e-04	1.66721289511206e-02	1
43	56	8.24881320315392e-04	1.53049004094648e-02	1
44	56	7.80186015845217e-04	1.53955217739169e-02	1
45	56	7.38601128487179e-04	1.49072154393065e-02	1
46	56	7.14367220337174e-04	1.43065289224159e-02	1
47	56	6.78314759989163e-04	1.34214802959954e-02	1
48	56	6.51317552777018e-04	1.41767976619646e-02	1
49	56	6.04394973678791e-04	1.18298441601789e-02	1
50	56	5.55642199919915e-04	1.07473481187818e-02	1
51	56	4.88158499055879e-04	9.57183274063206e-03	1
52	56	3.88252559075298e-04	7.55027490469758e-03	1
53	56	3.05365603606891e-04	5.67581226853773e-03	1
54	56	1.98340439904414e-04	3.94645870120384e-03	1
55	56	1.17107714925133e-04	2.15571497708058e-03	1
57	56	8.91169744800666e-05	1.59736053558558e-03	1
58	56	1.97232116794386e-04	3.88262644430430e-03	1
59	56	3.02603955286805e-04	5.40835380290331e-03	1
60	56	3.86910557894173e-04	6.95056610180343e-03	1
61	56	4.90673823223922e-04	9.88846516636365e-03	1
62	56	5.69281465972159e-04	1.05683176264557e-02	1
63	56	6.74774232858072e-04	1.44161526726618e-02	1
64	56	7.31374957536732e-04	1.37426976722919e-02	1
65	56	7.93555542635471e-04	1.56536455659302e-02	1
66	56	8.50370587315117e-04	1.73420645257065e-02	1
67	56	8.90394795407698e-04	1.63510196414543e-02	1
68	56	9.35619219503804e-04	1.85908217710349e-02	1
69	56	9.67670483916165e-04	1.96476703095570e-02	1
70	56	9.99132459756264e-04	1.90715360741098e-02	1
71	56	1.03013333303620e-03	1.98931352733292e-02	1
72	56	1.07370282366083e-03	2.13466093580707e-02	1
1	61	2.38906297927102e-03	4.42745886827334e-02	1
2	61	2.36226032287802e-03	5.01431651021324e-02	1
3	61	2.32681238127229e-03	4.55015975282949e-02	1
4	61	2.31226994146041e-03	4.74320150904658e-02	1
5	61	2.26768590717067e-03	3.95789919488859e-02	1
6	61	2.24526562897409e-03	4.67645023856858e-02	1
7	61	2.22123343280839e-03	4.40701549388338e-02	1
8	61	2.18930427780522e-03	4.74329207823467e-02	1
9	61	2.16672022439381e-03	4.16616203456627e-02	1
10	61	2.13018295387012e-03	4.15601717504936e-02	1
11	61	2.10141678179113e-03	4.18911734996077e-02	1
12	61	2.07777192652658e-03	3.70372097155104e-02	1
13	61	2.05184632290824e-03	3.91753870946481e-02	1
14	61	2.01712355099352e-03	3.61809883819300e-02	1
15	61	1.99351044447186e-03	3.96497868099183e-02	1
16	61	1.95963682276546e-03	4.11549385398032e-02	1
17	61	1.92222911158845e-03	4.24121199056807e-02	1
18	61	1.90237119644402e-03	3.85446553309248e-02	1
19	61	1.86200081856191e-03	3.44625846127787e-02	1
20	61	1.83309278818825e-03	3.58916716330046e-02	1
21	61	1.79478636602160e-03	3.72927631071023e-02	1
22	61	1.76746601591727e-03	3.54785428742604e-02	1
23	61	1.73063616595529e-03	3.34824251847373e-02	1
24	61	1.70461718582156e-03	3.31101099290596e-02	1
25	61	1.67752284258097e-03	3.32110777473327e-02	1
26	61	1.64245134240766e-03	3.13058650061722e-02	1
27	61	1.61109799623891e-03	3.21694448030835e-02	1
28	61	1.57203337457930e-03	3.04037187408825e-02	1
29	61	1.54594060002223e-03	3.08423488607533e-02	1
30	61	1.50014625946468e-03	2.97405507023864e-02	1
31	61	1.45561895136336e-03	2.89114770625486e-02	1
32	61	1.42561702363391e-03	2.84682572292053e-02	1
33	61	1.37595138510814e-03	2.55804701913125e-02	1
34	61	1.34615203552599e-03	2.69116354716355e-02	1
35	61	1.31467177053331e-03	2.41168438713006e-02	1
36	61	1.28734066152793e-03	2.76880339692629e-02	1
37	61	1.25069110482576e-03	2.40388075558520e-02	1
38	61	1.22017564825634e-03	2.51369269245528e-02	1
39	61	1.19109886854651e-03	2.36295658050900e-02	1
40	61	1.15969795322942e-03	2.16431361338445e-02	1
41	61	1.12693335919639e-03	2.33666423180185e-02	1
42	61	1.09500774348732e-03	1.98045952792432e-02	1
43	61	1.06319533176262e-03	2.23081394024697e-02	1
44	61	1.02443937969038e-03	1.87650059056121e-02	1
45	61	9.84921986397443e-04	1.85535116974485e-02	1
46	61	9.61116469249925e-04	1.96530220945259e-02	1
47	61	9.26053502040815e-04	1.70480330804359e-02	1
48	61	8.99056294828669e-04	1.67058447131005e-02	1
49	61	8.58798433375739e-04	1.68855791855486e-02	1
50	61	8.24459311118224e-04	1.66681635403514e-02	1
51	61	7.93826362951077e-04	1.64811320245845e-02	1
52	61	7.49591460389920e-04	1.43804161534855e-02	1
53	61	7.13311018105221e-04	1.44788491505850e-02	1
54	61	6.61854521789620e-04	1.25357718157115e-02	1
55	61	5.97781538149056e-04	1.20373867944226e-02	1
56	61	4.90673823223922e-04	9.64249982949740e-03	1
57	61	4.11556848743856e-04	8.01176122282216e-03	1
58	61	3.03441706429536e-04	5.87938166291932e-03	1
59	61	1.98069867937118e-04	3.75263147263135e-03	1
60	61	1.13763265329749e-04	2.05551169402032e-03	1
62	61	8.86076427482366e-05	1.51974109933414e-03	1
63	61	1.94100409634150e-04	3.87008792257371e-03	1
64	61	2.72258709329983e-04	5.18923274697101e-03	1
65	61	3.75108907488919e-04	7.13707188198741e-03	1
66	61	4.78502309132590e-04	9.79096372806229e-03	1
67	61	5.57046983586426e-04	1.09888405370045e-02	1
68	61	6.61050369347459e-04	1.41851065964239e-02	1
69	61	7.41158239850218e-04	1.43706106768190e-02	1
70	61	8.07380063669128e-04	1.60149247767448e-02	1
71	61	8.50282868877438e-04	1.80303639750654e-02	1
72	61	8.99181604116758e-04	1.88200945131271e-02	1
1	66	2.49675412030817e-03	5.04500854091714e-02	1
2	66	2.47019122435343e-03	5.11295262287643e-02	1
3	66	2.43474328274770e-03	4.63045614191651e-02	1
4	66	2.42020084293582e-03	5.13283046342511e-02	1
5	66	2.37649024063755e-03	4.83154382982000e-02	1
6	66	2.35406996244097e-03	4.39928433815961e-02	1
7	66	2.33049772530559e-03	4.90741008692209e-02	1
8	66	2.29856857030242e-03	4.35332697811345e-02	1
9	66	2.27658154876373e-03	4.05588510499778e-02	1
10	66	2.24004427824004e-03	4.18374744545653e-02	1
11	66	2.21127810616105e-03	4.40542694298459e-02	1
12	66	2.18763325089649e-03	4.26969575123438e-02	1
13	66	2.16170764727815e-03	4.06607991516667e-02	1
14	66	2.12698487536344e-03	4.00838336823362e-02	1
15	66	2.10337176884178e-03	3.78116900701250e-02	1
16	66	2.06949814713538e-03	4.09716729239719e-02	1
17	66	2.03209043595837e-03	4.04668706705021e-02	1
18	66	2.01223252081394e-03	4.00673747407434e-02	1
19	66	1.97186214293183e-03	3.79370920975412e-02	1
20	66	1.94295411255817e-03	3.84056515866478e-02	1
21	66	1.90464769039152e-03	3.78154100202314e-02	1
22	66	1.87732734028718e-03	3.69442337664365e-02	1
23	66	1.84049749032520e-03	3.90259634774488e-02	1
24	66	1.81506914419849e-03	3.72763980522463e-02	1
25	66	1.78897971136722e-03	3.43833475798607e-02	1
26	66	1.75390821119391e-03	3.59009600560976e-02	1
27	66	1.72333740160735e-03	3.35333937098379e-02	1
28	66	1.68608699331842e-03	3.84584644002233e-02	1
29	66	1.66202323612450e-03	3.09294690511266e-02	1
30	66	1.61622889556695e-03	3.41377308666563e-02	1
31	66	1.57170158746563e-03	3.44707842909409e-02	1
32	66	1.54554916416979e-03	3.06206004598879e-02	1
33	66	1.51307883455320e-03	3.22093655331504e-02	1
34	66	1.50627038287059e-03	2.86307367339157e-02	1
35	66	1.49275057414586e-03	3.05226767927657e-02	1
36	66	1.46817322130994e-03	2.99230951318838e-02	1
37	66	1.43706449393375e-03	2.83222313657575e-02	1
38	66	1.40660015389971e-03	3.06382730139644e-02	1
39	66	1.37911938822103e-03	2.74037256294848e-02	1
40	66	1.35205833397624e-03	2.62307559808984e-02	1
41	66	1.32335567059792e-03	2.72056553157815e-02	1
42	66	1.29191340103865e-03	2.44472650458701e-02	1
43	66	1.26466057198504e-03	2.36251852484135e-02	1
44	66	1.22945288558677e-03	2.69663888807568e-02	1
45	66	1.19140712787418e-03	2.49998034612676e-02	1
46	66	1.16982657676194e-03	2.34520565902877e-02	1
47	66	1.13653308354634e-03	2.06453459763533e-02	1
48	66	1.11259682545677e-03	2.44334539335190e-02	1
49	66	1.07565718473021e-03	2.22344322025307e-02	1
50	66	1.04327147333176e-03	2.08936772159076e-02	1
51	66	1.01263852516462e-03	1.77433988919461e-02	1
52	66	9.77280159755049e-04	1.94100192093689e-02	1
53	66	9.52480848466170e-04	2.04400942768319e-02	1
54	66	9.14954490766530e-04	1.84112160408544e-02	1
55	66	8.94664165883497e-04	1.62211545905515e-02	1
56	66	8.50370587315117e-04	1.89808455217128e-02	1
57	66	8.15959575272514e-04	1.55486269709807e-02	1
58	66	7.66976104104713e-04	1.53564987785340e-02	1
59	66	6.66572177069708e-04	1.28674302894179e-02	1
60	66	5.82265574462339e-04	1.19869512395577e-02	1
61	66	4.78502309132590e-04	9.56559757065057e-03	1
62	66	3.99894666384354e-04	7.37670843602590e-03	1
63	66	2.94401899498441e-04	5.48629162206645e-03	1
64	66	2.16243599802608e-04	4.49949079849536e-03	1
65	66	1.13393401643672e-04	2.08477277739467e-03	1
67	66	8.85446744538357e-05	1.60100094875751e-03	1
68	66	1.92548060214869e-04	3.89586133882432e-03	1
69	66	2.72655930717628e-04	5.31800869698025e-03	1
70	66	3.75557675409941e-04	7.31622650344939e-03	1
71	66	4.51775211036670e-04	8.95929129976781e-03	1
72	66	5.53956876799060e-04	1.08145933344417e-02	1
1	71	2.57329457473914e-03	5.33959611046110e-02	1
2	71	2.54807700189358e-03	4.81882143537730e-02	1
3	71	2.51362440534195e-03	4.80380330908903e-02	1
4	71	2.49908196553007e-03	5.18118355873500e-02	1
5	71	2.45558844187535e-03	4.82093409190611e-02	1
6	71	2.43316816367877e-03	5.25459130744978e-02	1
7	71	2.41014694247396e-03	5.09768706333513e-02	1
8	71	2.37836758171660e-03	4.71499431299986e-02	1
9	71	2.35648681463074e-03	4.77318969712882e-02	1
10	71	2.31994954410705e-03	4.54966738806748e-02	1
11	71	2.29118337202806e-03	4.75240549140125e-02	1
12	71	2.26843117948218e-03	4.48023617428179e-02	1
13	71	2.24279940513027e-03	4.16046477503416e-02	1
14	71	2.20807663321555e-03	4.45101626328896e-02	1
15	71	2.18469814160503e-03	3.92285352728370e-02	1
16	71	2.15082451989864e-03	4.21476546269855e-02	1
17	71	2.11341680872163e-03	3.94843550638158e-02	1
18	71	2.09355889357719e-03	4.12343826194217e-02	1
19	71	2.05318851569508e-03	3.96375510325814e-02	1
20	71	2.02428048532142e-03	3.82747202272003e-02	1
21	71	1.98597406315477e-03	4.21635047508353e-02	1
22	71	1.95865371305044e-03	3.55390924646508e-02	1
23	71	1.92182386308846e-03	3.84179963021606e-02	1
24	71	1.89639551696175e-03	3.94027897300714e-02	1
25	71	1.87030608413047e-03	3.82810926729420e-02	1
26	71	1.83523458395717e-03	3.67563294339160e-02	1
27	71	1.80466377437060e-03	3.39310969162768e-02	1
28	71	1.76793793507189e-03	3.43408387678393e-02	1
29	71	1.74396963010175e-03	3.70602658825357e-02	1
30	71	1.69817528954419e-03	3.01415330314927e-02	1
31	71	1.65364798144287e-03	3.17518533973538e-02	1
32	71	1.62749555814703e-03	3.27163513426123e-02	1
33	71	1.59502522853044e-03	3.22181359070490e-02	1
34	71	1.58821677684784e-03	3.11216327938425e-02	1
35	71	1.58680139762863e-03	3.06640755322045e-02	1
36	71	1.58505776029206e-03	3.16028059215618e-02	1
37	71	1.56806899254967e-03	3.11982787769737e-02	1
38	71	1.54225296891624e-03	3.17252270649013e-02	1
39	71	1.51842431239035e-03	3.06773765037031e-02	1
40	71	1.49372395959745e-03	3.04775935375204e-02	1
41	71	1.46605616063002e-03	2.81994216328406e-02	1
42	71	1.44013629120856e-03	2.87243599602296e-02	1
43	71	1.41298920039550e-03	2.97475716948821e-02	1
44	71	1.38116259438655e-03	2.63386638805039e-02	1
45	71	1.34598637251524e-03	2.80481389203521e-02	1
46	71	1.32569717584325e-03	2.71930844198457e-02	1
47	71	1.29751436235045e-03	2.61069568608351e-02	1
48	71	1.27394624682176e-03	2.83075949706744e-02	1
49	71	1.24118867146461e-03	2.46047431766385e-02	1
50	71	1.20922659630950e-03	2.24987774823398e-02	1
51	71	1.18070754145905e-03	2.22408979339908e-02	1
52	71	1.14643702107349e-03	2.32671027973219e-02	1
53	71	1.12163770978461e-03	2.31834067460312e-02	1
54	71	1.08411135208497e-03	2.30977205293823e-02	1
55	71	1.06382102720194e-03	2.28620937343093e-02	1
56	71	1.03013333303620e-03	1.98320194274400e-02	1
57	71	1.00026763662196e-03	1.93144288609950e-02	1
58	71	9.66205225999896e-04	1.74173473437933e-02	1
59	71	9.27304944427253e-04	1.79658230574136e-02	1
60	71	9.04593020189140e-04	1.61222052425135e-02	1
61	71	8.50282868877438e-04	1.54125856518503e-02	1
62	71	8.16600692080818e-04	1.58753189128174e-02	1
63	71	7.36177110535111e-04	1.30966271891828e-02	1
64	71	6.58018810839278e-04	1.26683693857635e-02	1
65	71	5.55168612680342e-04	1.06737526097598e-02	1
66	71	4.51775211036670e-04	8.92691151853686e-03	1
67	71	3.73230536582835e-04	7.76566977692491e-03	1
68	71	2.69227150821801e-04	4.95360452896316e-03	1
69	71	1.89119280319042e-04	3.38925624164709e-03	1
70	71	8.62175356267293e-05	1.63446375952906e-03	1
72	71	1.12181665762390e-04	2.08099221042351e-03	1
0
