90
# x y z
1.1208360790455	1616.971424533	0
2.241672158091	1616.8138357368	0
3.3625082371365	1616.6575799239	0
4.7635533357247	1616.5030823518	0
5.8843894147702	1616.2475842927	0
7.0052254938157	1616.1348962615	0
8.406270592383	1615.7343722465	0
9.5271066714285	1615.6100970198	0
10.928151770017	1615.2949934651	0
12.048987849062	1615.0245722337	0
13.169823927191	1614.8450878784	0
14.570869026675	1614.5474042773	0
15.691705104804	1614.2921785055	0
16.81254118385	1614.0515017403	0
18.213586282438	1613.8451781309	0
19.334422361483	1613.606515067	0
20.735467460967	1613.262496451	0
21.856303539096	1613.0596749442	0
22.977139618163	1612.7762637796	0
24.37818471673	1612.4114641463	0
25.499020795775	1612.1727337754	0
26.619856874821	1611.9237293062	0
28.020901973409	1611.4934130982	0
29.141738052455	1611.1956741218	0
30.2625741315	1610.845419518	0
31.663619230068	1610.5050238512	0
32.784455309113	1610.1272927191	0
34.185500407701	1609.5778750466	0
35.306336486747	1609.1763466283	0
36.427172565792	1608.8230399607	0
37.82821766436	1608.3707440599	0
38.949053743405	1607.9811684363	0
40.069889822451	1607.5638687784	0
41.470934921039	1606.9710109013	0
42.591771000084	1606.5125848679	0
43.992816098652	1605.8915568952	0
45.113652177718	1605.5176081071	0
46.234488256763	1605.1068601679	0
47.635533355331	1605.3889735325	0
48.756369434376	1606.1024316775	0
49.877205513422	1606.6963135379	0
51.27825061201	1607.4556627777	0
52.399086691055	1608.1718269675	0
53.800131789623	1609.0061778593	0
54.920967868668	1609.556053831	0
56.041803947714	1610.221126547	0
57.442849046302	1611.013884198	0
58.563685125348	1611.7066476006	0
59.684521204393	1612.3569152376	0
61.08556630296	1613.134070834	0
62.206402382006	1613.7333672318	0
63.327238460135	1614.284923735	0
64.72828355964	1615.0370515525	0
65.849119637769	1615.656996189	0
67.250164737273	1616.3947864047	0
68.371000815402	1616.908830915	0
69.491836894448	1617.4364598017	0
70.892881993015	1617.9844444484	0
72.013718072061	1618.4954093607	0
73.134554151106	1618.9334193637	0
74.535599249694	1619.6060384114	0
75.65643532874	1619.9621012981	0
77.057480427307	1620.5469704534	0
78.178316506353	1620.9218915207	0
79.299152585398	1621.2630746788	0
80.700197683987	1621.7987308358	0
81.821033763032	1622.1629274602	0
82.941869842078	1622.5782048505	0
84.342914940645	1623.0100226151	0
85.46375101969	1623.3272181919	0
86.864796118279	1623.7461270975	0
87.985632197324	1624.0354257837	0
89.10646827637	1624.3106781235	0
90.507513374958	1624.7152041481	0
91.628349454003	1624.9463900229	0
92.749185533049	1625.2291281182	0
94.150230631616	1625.5642732319	0
95.271066710662	1625.8608875705	0
96.391902789707	1626.0780007881	0
97.792947888295	1626.3882102106	0
98.913783967341	1626.6608467581	0
100.31482906591	1627.0430033213	0
101.43566514495	1627.3336713978	0
102.556501224	1627.6905526757	0
103.95754632259	1628.164124606	0
105.07838240163	1628.5391561179	0
106.19921848068	1628.878005255	0
107.60026357925	1629.3545665312	0
108.72109965829	1629.6792628545	0
110.12214475688	1630.0740875015	0
1602
# g s err t valid 
2	1	1.16036880513224e-04	2.22046482341353e-03	1
3	1	2.21955745225193e-04	4.23387698449252e-03	1
4	1	3.53932961736024e-04	6.79404501455135e-03	1
5	1	4.61091131935142e-04	8.65482814715916e-03	1
6	1	5.66066745358048e-04	1.16491567881932e-02	1
7	1	7.01438705159299e-04	1.28680025887444e-02	1
8	1	8.05716770585145e-04	1.60191940315837e-02	1
9	1	9.37996983122860e-04	1.84376780373753e-02	1
10	1	1.04327313381331e-03	2.11547317796249e-02	1
11	1	1.11322414138828e-03	2.47247091151316e-02	1
12	1	1.17284909049402e-03	2.46892391388048e-02	1
13	1	1.21810345221703e-03	2.45290018228951e-02	1
14	1	1.26393738745737e-03	2.42880094480831e-02	1
15	1	1.32426528969298e-03	2.60925058713777e-02	1
16	1	1.35594164389103e-03	2.74794070460642e-02	1
17	1	1.39109721160342e-03	2.74692559540013e-02	1
18	1	1.42609674644571e-03	2.89455906178458e-02	1
19	1	1.44668933684963e-03	2.77150505741685e-02	1
20	1	1.48599501525634e-03	2.98056294891145e-02	1
21	1	1.51536164128372e-03	3.10119487750802e-02	1
22	1	1.54619643013706e-03	2.85345091443043e-02	1
23	1	1.57888233042740e-03	3.09841553896391e-02	1
24	1	1.61171170110379e-03	3.30684858028998e-02	1
25	1	1.63659496284390e-03	3.07678347339072e-02	1
26	1	1.66687658985172e-03	3.52650657043228e-02	1
27	1	1.69369170398470e-03	3.53313783186805e-02	1
28	1	1.71920192822024e-03	3.39864346242260e-02	1
29	1	1.74815331523153e-03	3.43673118227802e-02	1
30	1	1.76774672412591e-03	3.70925332989883e-02	1
31	1	1.78252723834675e-03	3.74584983360648e-02	1
32	1	1.78603472231468e-03	3.25820579622660e-02	1
33	1	1.79078386718197e-03	3.35025800052631e-02	1
34	1	1.79594520967430e-03	4.05751363358399e-02	1
35	1	1.80085621730657e-03	3.42600865578955e-02	1
36	1	1.80294202843152e-03	3.70360967725219e-02	1
37	1	1.81174339346235e-03	3.54565370447403e-02	1
38	1	1.82090492166360e-03	3.74163604562083e-02	1
39	1	1.86359500195421e-03	3.55345595182254e-02	1
40	1	1.90706273734246e-03	3.86994121912887e-02	1
41	1	1.95189013645834e-03	3.77463085559096e-02	1
42	1	2.00182095947165e-03	3.64757808468767e-02	1
43	1	2.04148270166495e-03	4.49144086837543e-02	1
44	1	2.08932284445655e-03	4.04961309654624e-02	1
45	1	2.12387311123396e-03	4.60428116655384e-02	1
46	1	2.16454917384462e-03	4.78966694173022e-02	1
47	1	2.21583287511575e-03	4.29668524672370e-02	1
48	1	2.25877846027304e-03	4.38186779323871e-02	1
49	1	2.30183305780683e-03	5.02656292566275e-02	1
50	1	2.34385348374540e-03	4.68670109447948e-02	1
51	1	2.37781273878866e-03	5.28053609777943e-02	1
52	1	2.40967954048137e-03	4.44193345974197e-02	1
53	1	2.45049525633342e-03	5.11041730699571e-02	1
54	1	2.49090428609261e-03	4.76471539573965e-02	1
55	1	2.53662239540564e-03	5.32735859396162e-02	1
56	1	2.56988687271480e-03	5.20507776862563e-02	1
57	1	2.60604373189459e-03	5.29349368802400e-02	1
58	1	2.64329071470362e-03	5.60486519404977e-02	1
59	1	2.67617250068672e-03	4.82606823376823e-02	1
60	1	2.70842654973238e-03	5.58448810556953e-02	1
61	1	2.75139678888538e-03	5.62901726980097e-02	1
62	1	2.77788141164971e-03	5.66365825939828e-02	1
63	1	2.81305141267471e-03	5.38564917255221e-02	1
64	1	2.84124189317995e-03	5.58041426508147e-02	1
65	1	2.84650839927506e-03	5.27215932926122e-02	1
66	1	2.86004986484147e-03	5.75741097575964e-02	1
67	1	2.86541862153003e-03	5.55826517054036e-02	1
68	1	2.88192993781758e-03	6.01266028470839e-02	1
69	1	2.89348366515380e-03	5.68306780930968e-02	1
70	1	2.90563881835244e-03	5.58847649855654e-02	1
71	1	2.91327592420612e-03	6.27167880348914e-02	1
72	1	2.92409224753711e-03	5.68148824577841e-02	1
73	1	2.93347479644781e-03	5.58482062789891e-02	1
74	1	2.95219670061053e-03	6.11043961333572e-02	1
75	1	2.96270187479748e-03	5.68190320624432e-02	1
76	1	2.97095212372531e-03	6.03261118198236e-02	1
77	1	2.98236092414466e-03	5.41669471650374e-02	1
78	1	3.00122537330169e-03	5.71095761496386e-02	1
79	1	3.01037216657967e-03	6.03897040387389e-02	1
80	1	3.02689204044710e-03	6.19629059938378e-02	1
81	1	3.03994581531840e-03	5.63048684070992e-02	1
82	1	3.06027741438794e-03	6.34344434863091e-02	1
83	1	3.07206711406359e-03	6.29299998628159e-02	1
84	1	3.09118995208964e-03	5.87271300770731e-02	1
85	1	3.10825692725771e-03	6.27080841135670e-02	1
86	1	3.13064254818562e-03	6.00069023214330e-02	1
87	1	3.14550285278737e-03	6.15874921167431e-02	1
88	1	3.16424790646882e-03	6.37002218319023e-02	1
89	1	3.18107043660400e-03	6.77230586256905e-02	1
90	1	3.21120404765549e-03	6.57852296893246e-02	1
1	6	5.66066745358048e-04	1.09583925592195e-02	1
2	6	4.60029864844824e-04	8.40440987564437e-03	1
3	6	3.54111000132855e-04	6.67953384377731e-03	1
4	6	2.22133783622024e-04	4.36339364468656e-03	1
5	6	1.14975613422907e-04	2.15447842972008e-03	1
7	6	1.45414388503931e-04	2.74784602066870e-03	1
8	6	2.49692453929777e-04	4.83074965671487e-03	1
9	6	3.81972666467492e-04	7.40488987195699e-03	1
10	6	4.87248817157945e-04	9.64823493354656e-03	1
11	6	5.89923578434906e-04	1.21070603416535e-02	1
12	6	7.17729246655508e-04	1.31789148577545e-02	1
13	6	8.19146566186636e-04	1.51486561026142e-02	1
14	6	9.19543961414745e-04	1.97593421143392e-02	1
15	6	1.02926903926622e-03	2.03333020371617e-02	1
16	6	1.06797263277980e-03	2.20361609724303e-02	1
17	6	1.12116855776618e-03	2.43635239743050e-02	1
18	6	1.16546402647142e-03	2.19181280489249e-02	1
19	6	1.18605661687534e-03	2.27508748674136e-02	1
20	6	1.22685593041629e-03	2.47443861744151e-02	1
21	6	1.25681416913508e-03	2.43976909346527e-02	1
22	6	1.29147937807946e-03	2.62428830627978e-02	1
23	6	1.32492007685310e-03	2.82812488096305e-02	1
24	6	1.36028999203812e-03	2.54096646238085e-02	1
25	6	1.38801145537441e-03	2.77910617080173e-02	1
26	6	1.42338395854627e-03	3.25062711885529e-02	1
27	6	1.45082095033513e-03	2.72254718168940e-02	1
28	6	1.48092347936548e-03	2.87900086750642e-02	1
29	6	1.51381786736086e-03	3.12778261344050e-02	1
30	6	1.54612050322331e-03	3.18576962546144e-02	1
31	6	1.58446314093663e-03	3.08308822303704e-02	1
32	6	1.61354436500145e-03	3.25792568543777e-02	1
33	6	1.63880517847381e-03	3.24116668463197e-02	1
34	6	1.64611500593686e-03	2.92483757032471e-02	1
35	6	1.65102601356912e-03	3.09844668301686e-02	1
36	6	1.65427191984506e-03	3.05306227196730e-02	1
37	6	1.66315286531659e-03	3.82285545973463e-02	1
38	6	1.67391001644922e-03	3.39930374723698e-02	1
39	6	1.71826262760554e-03	3.51514565776788e-02	1
40	6	1.76191583598934e-03	3.24292167217435e-02	1
41	6	1.80674323510523e-03	3.61743858833906e-02	1
42	6	1.85816382197159e-03	3.73137917045059e-02	1
43	6	1.89782556416488e-03	3.47805183433550e-02	1
44	6	1.94566570695648e-03	3.66933525564742e-02	1
45	6	1.98021597373389e-03	3.85867194487921e-02	1
46	6	2.02089203634455e-03	3.68333158790266e-02	1
47	6	2.07217573761568e-03	4.20177154813222e-02	1
48	6	2.11553904087283e-03	4.44560936149987e-02	1
49	6	2.15935036539570e-03	4.14237636686529e-02	1
50	6	2.20290493878709e-03	4.56941712036956e-02	1
51	6	2.23788183946005e-03	4.51210410480587e-02	1
52	6	2.27004202883852e-03	4.55712418535194e-02	1
53	6	2.31085774469057e-03	4.64888062379504e-02	1
54	6	2.35126677444976e-03	4.54934560320511e-02	1
55	6	2.39698488376280e-03	4.85313652155546e-02	1
56	6	2.43024936107195e-03	5.23783112089398e-02	1
57	6	2.46756280914077e-03	4.84684944898282e-02	1
58	6	2.50620263456092e-03	4.79585894700887e-02	1
59	6	2.53908442054402e-03	5.20789077073836e-02	1
60	6	2.57146615855132e-03	5.32938229267446e-02	1
61	6	2.61570585652157e-03	5.50237023996185e-02	1
62	6	2.64219047928591e-03	5.47523053244743e-02	1
63	6	2.67821159465198e-03	5.25716536014872e-02	1
64	6	2.70838048988784e-03	5.16518399622479e-02	1
65	6	2.72189591418714e-03	5.81851828568151e-02	1
66	6	2.74622494813131e-03	5.84611818477969e-02	1
67	6	2.76121605995429e-03	5.48431862018856e-02	1
68	6	2.77772737624185e-03	5.71369753211997e-02	1
69	6	2.78928110357807e-03	5.61522057811280e-02	1
70	6	2.80143625677670e-03	5.62521819018627e-02	1
71	6	2.80907336263038e-03	6.05741719604843e-02	1
72	6	2.81988968596138e-03	5.75871434878329e-02	1
73	6	2.82927223487208e-03	5.35977365190227e-02	1
74	6	2.84799413903480e-03	5.38683892892487e-02	1
75	6	2.85849931322175e-03	5.40776460127043e-02	1
76	6	2.86674956214958e-03	5.35645943948068e-02	1
77	6	2.87815836256892e-03	5.95549784115419e-02	1
78	6	2.89702281172596e-03	5.48216725782529e-02	1
79	6	2.90616960500393e-03	6.03247884413165e-02	1
80	6	2.92268947887137e-03	5.92953715171033e-02	1
81	6	2.93574325374266e-03	5.15694598182132e-02	1
82	6	2.95607485281221e-03	5.41028146499317e-02	1
83	6	2.96786455248786e-03	6.18000082305617e-02	1
84	6	2.98698739051391e-03	5.52516124064846e-02	1
85	6	3.00405436568198e-03	6.23922131801234e-02	1
86	6	3.02643998660988e-03	5.80577330401300e-02	1
87	6	3.04130029121164e-03	5.56296735327661e-02	1
88	6	3.06004534489309e-03	5.80848737945027e-02	1
89	6	3.07686787502827e-03	5.72668125632869e-02	1
90	6	3.10700148607976e-03	6.15991636482007e-02	1
1	11	1.11322414138828e-03	2.45503095094999e-02	1
2	11	1.03991101457705e-03	2.02994646058606e-02	1
3	11	9.33992149865081e-04	1.89790542419698e-02	1
4	11	8.02014933354250e-04	1.58689044054536e-02	1
5	11	6.94856763155132e-04	1.44673237619665e-02	1
6	11	5.89923578434906e-04	1.18333104905430e-02	1
7	11	4.54509189930975e-04	8.90527935571580e-03	1
8	11	3.50231124505129e-04	6.36844526867994e-03	1
9	11	2.17950911967414e-04	3.94595509519890e-03	1
10	11	1.12674761276962e-04	1.85617238201558e-03	1
12	11	1.37805668220601e-04	2.52001497155521e-03	1
13	11	2.39222987751730e-04	4.39601778207699e-03	1
14	11	3.39620382979839e-04	7.05256297002435e-03	1
15	11	4.63631802753206e-04	8.97404522486677e-03	1
16	11	5.64056847280933e-04	1.18478104275054e-02	1
17	11	6.90527703619956e-04	1.30445198422380e-02	1
18	11	7.90397730581360e-04	1.50920379987578e-02	1
19	11	8.65656395966712e-04	1.88554963290764e-02	1
20	11	9.24427339266233e-04	1.94600163889159e-02	1
21	11	9.64415429989486e-04	1.90009604222731e-02	1
22	11	9.99080638933860e-04	2.02143825502608e-02	1
23	11	1.03368774161930e-03	1.96261687610864e-02	1
24	11	1.07249229211281e-03	2.29540800451269e-02	1
25	11	1.10076059717311e-03	2.36998575515936e-02	1
26	11	1.14179624114347e-03	2.26665300244883e-02	1
27	11	1.17356156081870e-03	2.14685268881863e-02	1
28	11	1.20696306674479e-03	2.37364754300861e-02	1
29	11	1.24469904298789e-03	2.54233733026688e-02	1
30	11	1.27700167885034e-03	2.41397755705257e-02	1
31	11	1.32061147973173e-03	2.54808328294548e-02	1
32	11	1.35109623544646e-03	2.65337655117571e-02	1
33	11	1.38196773736912e-03	2.64719477701537e-02	1
34	11	1.41451549536762e-03	2.92325140503138e-02	1
35	11	1.44160798269388e-03	2.91016372370865e-02	1
36	11	1.46256585389255e-03	3.03454317069803e-02	1
37	11	1.47144679936409e-03	2.84946450246510e-02	1
38	11	1.48242828379907e-03	2.91162118743379e-02	1
39	11	1.52944789053449e-03	2.97633801386333e-02	1
40	11	1.57404671057879e-03	3.05580600361138e-02	1
41	11	1.61887410969467e-03	3.08831697100131e-02	1
42	11	1.67215351469065e-03	3.35044075385213e-02	1
43	11	1.71227194939482e-03	3.19803638147107e-02	1
44	11	1.76255892539958e-03	3.46658292175482e-02	1
45	11	1.79772033008077e-03	3.55828789426252e-02	1
46	11	1.83839639269142e-03	3.59696695645315e-02	1
47	11	1.88968009396256e-03	3.92507132270509e-02	1
48	11	1.93304339721971e-03	3.74379542389459e-02	1
49	11	1.97685472174257e-03	4.00332917426350e-02	1
50	11	2.02371613448252e-03	3.83147047946490e-02	1
51	11	2.05917055739601e-03	4.21963420557732e-02	1
52	11	2.09178816521976e-03	4.14331870929810e-02	1
53	11	2.13310905340931e-03	4.17125873460908e-02	1
54	11	2.17351808316850e-03	4.46485572093473e-02	1
55	11	2.21923619248154e-03	4.21788117299412e-02	1
56	11	2.25250066979069e-03	4.46361582414580e-02	1
57	11	2.28997252365375e-03	4.58856749305216e-02	1
58	11	2.33019475940986e-03	4.31852028956376e-02	1
59	11	2.36419706499849e-03	4.49311992633000e-02	1
60	11	2.39803093287597e-03	4.74096784213694e-02	1
61	11	2.44334655556722e-03	5.10138229024991e-02	1
62	11	2.47017756030099e-03	4.49953847203876e-02	1
63	11	2.50619867566706e-03	4.76639755383920e-02	1
64	11	2.53644569200863e-03	4.99323224114708e-02	1
65	11	2.55112496392316e-03	5.14732687454920e-02	1
66	11	2.57556447270195e-03	5.05625479895762e-02	1
67	11	2.59264848516890e-03	5.14029781787013e-02	1
68	11	2.61343956296307e-03	5.42565440643223e-02	1
69	11	2.63656626046708e-03	5.06692888348719e-02	1
70	11	2.65243460462900e-03	5.10950473821563e-02	1
71	11	2.66853881098562e-03	5.47579287419757e-02	1
72	11	2.68499288556798e-03	5.32386063482093e-02	1
73	11	2.69673010541111e-03	4.94320152941123e-02	1
74	11	2.71805436360081e-03	5.65424556116091e-02	1
75	11	2.72969176600879e-03	5.44377884189946e-02	1
76	11	2.73978122080964e-03	5.20633210675431e-02	1
77	11	2.75119002122899e-03	5.48381330276571e-02	1
78	11	2.77005447038603e-03	5.37176508202551e-02	1
79	11	2.77920126366400e-03	5.45783134769969e-02	1
80	11	2.79572113753143e-03	5.44500817890220e-02	1
81	11	2.80877491240273e-03	5.72559227457041e-02	1
82	11	2.82910651147228e-03	5.69630658653630e-02	1
83	11	2.84089621114793e-03	5.55195367813039e-02	1
84	11	2.86001904917398e-03	5.47337107719821e-02	1
85	11	2.87708602434205e-03	5.64761680385609e-02	1
86	11	2.89947164526995e-03	5.73344896435453e-02	1
87	11	2.91433194987171e-03	5.65901760101630e-02	1
88	11	2.93307700355315e-03	5.87126861661084e-02	1
89	11	2.94989953368833e-03	5.88982601684466e-02	1
90	11	2.98003314473983e-03	5.89499385198546e-02	1
1	16	1.35594164389103e-03	2.55204031687945e-02	1
2	16	1.29168528881289e-03	2.34710136608130e-02	1
3	16	1.24644367061040e-03	2.53420375561921e-02	1
4	16	1.16938334408851e-03	2.01723887674698e-02	1
5	16	1.11333335436098e-03	2.13889450306143e-02	1
6	16	1.06797263277980e-03	2.14149524167245e-02	1
7	16	9.86856885892557e-04	1.92206594616287e-02	1
8	16	9.04287971786062e-04	1.73223993550318e-02	1
9	16	7.72007759248347e-04	1.47633965880990e-02	1
10	16	6.66731608557895e-04	1.32858340147110e-02	1
11	16	5.64056847280933e-04	9.97787283927199e-03	1
12	16	4.36251179060332e-04	8.28366284485786e-03	1
13	16	3.34833859529203e-04	6.87629474737115e-03	1
14	16	2.34436464301094e-04	4.82879087172795e-03	1
15	16	1.10425044527727e-04	2.12953464150846e-03	1
17	16	1.36470856339023e-04	2.68295655627510e-03	1
18	16	2.36340883300427e-04	4.59426612192463e-03	1
19	16	3.38059279285753e-04	6.58869249584011e-03	1
20	16	4.64766110032942e-04	8.87439560205667e-03	1
21	16	5.64899919951660e-04	1.12475545918194e-02	1
22	16	6.63570819669103e-04	1.34238693064879e-02	1
23	16	7.19462092499520e-04	1.41450909966791e-02	1
24	16	7.71795695646860e-04	1.43399141408998e-02	1
25	16	8.07479836419725e-04	1.65713303096379e-02	1
26	16	8.48529228403480e-04	1.59334288174633e-02	1
27	16	8.82736495900947e-04	1.86025258223390e-02	1
28	16	9.19301442711797e-04	1.91877536991801e-02	1
29	16	9.59661235803588e-04	2.11461959078739e-02	1
30	16	9.98056283111219e-04	1.85378012287646e-02	1
31	16	1.04359391635042e-03	2.10623318743520e-02	1
32	16	1.07594620051230e-03	2.18603049849654e-02	1
33	16	1.11261892541838e-03	2.21991631573356e-02	1
34	16	1.15021431890845e-03	2.26012862400982e-02	1
35	16	1.18336488972051e-03	2.47149624909606e-02	1
36	16	1.22028193654449e-03	2.48427181834375e-02	1
37	16	1.25247073707156e-03	2.54872455016361e-02	1
38	16	1.28479687319719e-03	2.49888752424374e-02	1
39	16	1.34740161040056e-03	2.76798299922533e-02	1
40	16	1.39785715500524e-03	2.59442376111230e-02	1
41	16	1.44268455412112e-03	2.86443421639781e-02	1
42	16	1.49596395911710e-03	3.05521067187354e-02	1
43	16	1.53608239382127e-03	3.02182913552276e-02	1
44	16	1.58636936982603e-03	3.34894735311663e-02	1
45	16	1.62153077450722e-03	3.17329009085233e-02	1
46	16	1.66220683711787e-03	3.56620113497253e-02	1
47	16	1.71349053838901e-03	3.30169158355417e-02	1
48	16	1.75685384164616e-03	3.44377796201870e-02	1
49	16	1.80066516616902e-03	3.64142660127075e-02	1
50	16	1.84752657890897e-03	3.53603038111149e-02	1
51	16	1.88298100182246e-03	3.72637398165593e-02	1
52	16	1.91559860964621e-03	4.10446610082995e-02	1
53	16	1.95694255565276e-03	4.16849769766167e-02	1
54	16	1.99735158541194e-03	3.98166852985674e-02	1
55	16	2.04306969472498e-03	4.27319319152014e-02	1
56	16	2.07633417203413e-03	4.52213887568489e-02	1
57	16	2.11380602589719e-03	4.21684786456770e-02	1
58	16	2.15402826165331e-03	3.94801026025317e-02	1
59	16	2.18803056724194e-03	4.24112864615477e-02	1
60	16	2.22402384708869e-03	4.67381233171111e-02	1
61	16	2.26954210190274e-03	4.68735670669370e-02	1
62	16	2.29723502916211e-03	4.50311447716800e-02	1
63	16	2.33325614452818e-03	4.43324763567918e-02	1
64	16	2.36443905016855e-03	4.71347402347117e-02	1
65	16	2.37988630114819e-03	4.79745183178428e-02	1
66	16	2.40468865939134e-03	4.91157804300702e-02	1
67	16	2.42231822416105e-03	4.79756414665178e-02	1
68	16	2.44310930195522e-03	4.49561028326379e-02	1
69	16	2.46805291018851e-03	4.84799364401033e-02	1
70	16	2.48607314300060e-03	4.87183990626611e-02	1
71	16	2.50422809459895e-03	4.91467952136429e-02	1
72	16	2.52218245645616e-03	4.91310011881613e-02	1
73	16	2.53391967629929e-03	5.10012942506155e-02	1
74	16	2.55687978803569e-03	5.42636037623696e-02	1
75	16	2.56851719044367e-03	4.87345404787406e-02	1
76	16	2.58642516497871e-03	4.73700648658646e-02	1
77	16	2.60586774476497e-03	5.16496177812655e-02	1
78	16	2.62505000484455e-03	5.21249129666794e-02	1
79	16	2.63990453581770e-03	5.47816713133795e-02	1
80	16	2.65681268548561e-03	5.30658451679909e-02	1
81	16	2.66986646035691e-03	5.25816480840558e-02	1
82	16	2.69019805942646e-03	5.71501426232505e-02	1
83	16	2.70198775910211e-03	4.81749169146828e-02	1
84	16	2.72111059712816e-03	5.37882949107201e-02	1
85	16	2.73817757229623e-03	5.67042851183332e-02	1
86	16	2.76056319322413e-03	5.80575510115959e-02	1
87	16	2.77542349782589e-03	5.71214117999718e-02	1
88	16	2.79416855150734e-03	5.87799932981220e-02	1
89	16	2.81099108164251e-03	6.12893883518401e-02	1
90	16	2.84112469269401e-03	5.37098558951819e-02	1
1	21	1.51536164128372e-03	3.20444658768189e-02	1
2	21	1.45638979666562e-03	2.96058001490507e-02	1
3	21	1.41114817846313e-03	2.62901087066342e-02	1
4	21	1.34736631456742e-03	2.72122530185417e-02	1
5	21	1.30061439349636e-03	2.66206273178108e-02	1
6	21	1.25681416913508e-03	2.43375155466083e-02	1
7	21	1.18410601566145e-03	2.29547427616294e-02	1
8	21	1.14230533507110e-03	2.32952111440010e-02	1
9	21	1.06729622001826e-03	2.16065269474587e-02	1
10	21	1.01129690277486e-03	1.97403689800388e-02	1
11	21	9.64415429989486e-04	1.57341504167871e-02	1
12	21	8.89229508370817e-04	1.72214991710068e-02	1
13	21	8.25251392862205e-04	1.72160451743075e-02	1
14	21	7.57743561081126e-04	1.44178825499776e-02	1
15	21	6.65324964479387e-04	1.26875516197718e-02	1
16	21	5.64899919951660e-04	1.14681642504928e-02	1
17	21	4.38429063612637e-04	8.68869107907878e-03	1
18	21	3.38559036651233e-04	6.63418266123814e-03	1
19	21	2.36840640665907e-04	4.54051763383520e-03	1
20	21	1.10133809918718e-04	2.04785986213432e-03	1
22	21	1.10267485903093e-04	2.01228247226932e-03	1
23	21	2.38162273859513e-04	4.36823920085049e-03	1
24	21	3.39714058575724e-04	6.66084926249216e-03	1
25	21	4.39145816521194e-04	8.72441163151420e-03	1
26	21	5.29120722612573e-04	1.03656318670360e-02	1
27	21	5.73773924534055e-04	1.07069197932496e-02	1
28	21	6.18603134447797e-04	1.33845611191793e-02	1
29	21	6.58962927539588e-04	1.23866683047360e-02	1
30	21	6.98816199077760e-04	1.36372752723063e-02	1
31	21	7.48595623816527e-04	1.48465404644759e-02	1
32	21	7.84988089441732e-04	1.63236191953223e-02	1
33	21	8.22302678171448e-04	1.75802785102212e-02	1
34	21	8.62361700550976e-04	1.74520724872290e-02	1
35	21	9.01476059245962e-04	1.91620615721645e-02	1
36	21	9.39153215491411e-04	1.71608961950959e-02	1
37	21	9.75037289005696e-04	1.91919536487767e-02	1
38	21	1.01114214250128e-03	1.97394876076634e-02	1
39	21	1.07567935031573e-03	2.04327007209280e-02	1
40	21	1.13480388299622e-03	2.23443695374099e-02	1
41	21	1.18711953976711e-03	2.32038626738587e-02	1
42	21	1.25462639556480e-03	2.48969170384491e-02	1
43	21	1.30482516474938e-03	2.63529250637321e-02	1
44	21	1.37356963727930e-03	2.81268830580341e-02	1
45	21	1.42261015440137e-03	2.67228554648496e-02	1
46	21	1.47703305271333e-03	2.95734611224636e-02	1
47	21	1.52831675398447e-03	2.96747899922370e-02	1
48	21	1.57168005724162e-03	3.20171747422507e-02	1
49	21	1.61611923405958e-03	3.50762492153716e-02	1
50	21	1.66472227493012e-03	3.35764117901395e-02	1
51	21	1.70292122487738e-03	3.29743218649092e-02	1
52	21	1.73553883270114e-03	3.68938713617141e-02	1
53	21	1.77688277870768e-03	3.37990754107106e-02	1
54	21	1.81729180846687e-03	3.41697623937522e-02	1
55	21	1.86300991777991e-03	3.66612083183262e-02	1
56	21	1.89627439508906e-03	3.49108816636394e-02	1
57	21	1.93374624895212e-03	3.82085015849520e-02	1
58	21	1.97396848470823e-03	3.78770532330960e-02	1
59	21	2.00797079029686e-03	4.40785085710250e-02	1
60	21	2.04396407014361e-03	3.92951274295518e-02	1
61	21	2.08948232495766e-03	4.29440310212923e-02	1
62	21	2.11717525221703e-03	4.14442367916731e-02	1
63	21	2.15319636758311e-03	4.30147295392041e-02	1
64	21	2.18437927322347e-03	4.15096393645586e-02	1
65	21	2.20004119054051e-03	4.17578300233153e-02	1
66	21	2.22484354878367e-03	4.47290870679640e-02	1
67	21	2.24362711357539e-03	4.18184960289537e-02	1
68	21	2.26441819136957e-03	4.73507315128578e-02	1
69	21	2.28936179960286e-03	4.32734643834726e-02	1
70	21	2.30809062121035e-03	4.64650401627139e-02	1
71	21	2.32761896576474e-03	4.96604652956611e-02	1
72	21	2.34879760009283e-03	4.62484870700944e-02	1
73	21	2.36053481993597e-03	4.89494867357862e-02	1
74	21	2.38524388760732e-03	4.68357635934971e-02	1
75	21	2.39688129001531e-03	4.42132026342144e-02	1
76	21	2.41507290473683e-03	5.22201452542171e-02	1
77	21	2.43509506856901e-03	4.06075892577735e-02	1
78	21	2.45429287973673e-03	4.96739749672397e-02	1
79	21	2.46914741070987e-03	4.82727556387649e-02	1
80	21	2.49417862774492e-03	5.09023214536194e-02	1
81	21	2.51074949938299e-03	5.35312769425505e-02	1
82	21	2.53675694660371e-03	5.12430135402036e-02	1
83	21	2.55513082239980e-03	4.60411201375212e-02	1
84	21	2.57425366042586e-03	5.27303176145622e-02	1
85	21	2.59132063559393e-03	5.10855853662765e-02	1
86	21	2.61370625652183e-03	4.97670417297598e-02	1
87	21	2.62856656112358e-03	5.64179620766283e-02	1
88	21	2.64731161480503e-03	5.95665078480921e-02	1
89	21	2.66413414494021e-03	5.84709032396023e-02	1
90	21	2.69426775599170e-03	5.35195968195288e-02	1
1	26	1.66687658985172e-03	3.39772510539843e-02	1
2	26	1.61027947165256e-03	3.29705759062565e-02	1
3	26	1.56503785345007e-03	3.10346188650462e-02	1
4	26	1.51291849423296e-03	3.08618310617846e-02	1
5	26	1.46714983086271e-03	2.86067467931317e-02	1
6	26	1.42338395854627e-03	2.66191267263304e-02	1
7	26	1.35431529703629e-03	2.57009836719671e-02	1
8	26	1.31495213554714e-03	2.49182032459036e-02	1
9	26	1.24171805444031e-03	2.41457635288027e-02	1
10	26	1.18735269371877e-03	2.43529836363678e-02	1
11	26	1.14179624114347e-03	2.25637967174968e-02	1
12	26	1.07153616999047e-03	2.12354937938541e-02	1
13	26	1.02088521393877e-03	2.04910757279383e-02	1
14	26	9.63494598239595e-04	1.90298450225227e-02	1
15	26	9.01292337094518e-04	1.75638812302134e-02	1
16	26	8.48529228403480e-04	1.60625559248731e-02	1
17	26	7.77099560182679e-04	1.45448659053483e-02	1
18	26	7.20828851813798e-04	1.31762081826429e-02	1
19	26	6.66610489429404e-04	1.30256756530119e-02	1
20	26	5.91693546346451e-04	1.17546648597687e-02	1
21	26	5.29120722612573e-04	1.03547816365269e-02	1
22	26	4.63023052006833e-04	9.26542524712346e-03	1
23	26	3.41202916290726e-04	6.57878494008035e-03	1
24	26	2.39651131574515e-04	4.57447102285243e-03	1
25	26	1.36620411346334e-04	2.65476207835781e-03	1
27	26	1.14308529620994e-04	2.24618992299660e-03	1
28	26	2.47027950209156e-04	4.85003333873657e-03	1
29	26	3.41323042676963e-04	6.56641678180671e-03	1
30	26	3.93983509713781e-04	7.59961055606881e-03	1
31	26	4.52808372724844e-04	8.92058054096642e-03	1
32	26	4.97046711023729e-04	9.95687018174008e-03	1
33	26	5.34361299753445e-04	1.03461548330954e-02	1
34	26	5.75307632184901e-04	1.15585086345274e-02	1
35	26	6.17186777362907e-04	1.18787714336582e-02	1
36	26	6.61154573755561e-04	1.31500357495918e-02	1
37	26	7.00252445264467e-04	1.46440595171419e-02	1
38	26	7.37381165403997e-04	1.49810251079663e-02	1
39	26	8.02491569022228e-04	1.55508578299082e-02	1
40	26	8.61616101702715e-04	1.74769569775996e-02	1
41	26	9.13931758473612e-04	1.74012572271149e-02	1
42	26	9.81438614271296e-04	1.89942999780477e-02	1
43	26	1.03163738345588e-03	1.93856054259276e-02	1
44	26	1.10038185598580e-03	2.13847985193393e-02	1
45	26	1.14942237310787e-03	2.23432722706844e-02	1
46	26	1.20802979042773e-03	2.38932461209674e-02	1
47	26	1.27715639114723e-03	2.54329061508047e-02	1
48	26	1.33075459356138e-03	2.40742921758931e-02	1
49	26	1.38646305037923e-03	2.85120987786459e-02	1
50	26	1.45761576429490e-03	2.83356304656338e-02	1
51	26	1.50584129044335e-03	2.78973115751432e-02	1
52	26	1.54309326744748e-03	3.18741631171870e-02	1
53	26	1.58793012558198e-03	3.36046174976218e-02	1
54	26	1.62846964477194e-03	3.38248004752798e-02	1
55	26	1.67511681065517e-03	3.24118323900594e-02	1
56	26	1.70838128796432e-03	3.52101872442645e-02	1
57	26	1.74632473151195e-03	3.47818893317292e-02	1
58	26	1.78654696726806e-03	3.07262510016855e-02	1
59	26	1.82054927285669e-03	3.81416195879971e-02	1
60	26	1.85682556047135e-03	3.64350833935141e-02	1
61	26	1.90554002062099e-03	3.99798763581566e-02	1
62	26	1.93345751125884e-03	3.86128784661397e-02	1
63	26	1.96947862662492e-03	3.75069700418570e-02	1
64	26	2.00066153226528e-03	3.78737598234393e-02	1
65	26	2.01668865091988e-03	4.03515021558973e-02	1
66	26	2.04207708537472e-03	3.91255761655775e-02	1
67	26	2.06087199800118e-03	4.39778910558736e-02	1
68	26	2.08195754079854e-03	3.67356225829010e-02	1
69	26	2.10749036077782e-03	4.10116891436969e-02	1
70	26	2.12641818879704e-03	4.48749890379260e-02	1
71	26	2.14639650853857e-03	4.26262526237597e-02	1
72	26	2.16920878463250e-03	4.05253244836159e-02	1
73	26	2.18325124814009e-03	4.91555050923314e-02	1
74	26	2.20927141120815e-03	4.35816105221254e-02	1
75	26	2.22090881361614e-03	4.44047691672997e-02	1
76	26	2.24134556779773e-03	4.60470915771876e-02	1
77	26	2.26136773162991e-03	4.69290997713781e-02	1
78	26	2.28199169720304e-03	4.53356227008089e-02	1
79	26	2.29713165304547e-03	4.51860650506593e-02	1
80	26	2.32253007061175e-03	4.29746010233585e-02	1
81	26	2.34014131954797e-03	4.52401326799160e-02	1
82	26	2.36614876676869e-03	5.32265904913303e-02	1
83	26	2.38755821108104e-03	5.00848121491826e-02	1
84	26	2.41078915014362e-03	5.23777197290769e-02	1
85	26	2.43748260099152e-03	4.85821044733535e-02	1
86	26	2.46070796457401e-03	5.12070278464414e-02	1
87	26	2.47625774538025e-03	5.13030876602154e-02	1
88	26	2.49500279906170e-03	4.72240274447251e-02	1
89	26	2.51182532919688e-03	5.16485708043144e-02	1
90	26	2.54195894024837e-03	4.88191623534199e-02	1
1	31	1.78252723834675e-03	3.24574241757119e-02	1
2	31	1.75252401212868e-03	3.66059321418585e-02	1
3	31	1.71176690208262e-03	3.29723035033413e-02	1
4	31	1.66916617775685e-03	3.47069696824383e-02	1
5	31	1.62453693851674e-03	3.07246131674786e-02	1
6	31	1.58446314093663e-03	3.32464031899802e-02	1
7	31	1.52034621744984e-03	3.04471644316548e-02	1
8	31	1.48458692830113e-03	2.77424138866349e-02	1
9	31	1.41340403276921e-03	2.85699768302570e-02	1
10	31	1.36478714352530e-03	2.64682740170273e-02	1
11	31	1.32061147973173e-03	2.68787579739833e-02	1
12	31	1.25330419762111e-03	2.41045050060605e-02	1
13	31	1.20714577991730e-03	2.49164481138951e-02	1
14	31	1.15212651734918e-03	2.19607561523564e-02	1
15	31	1.09635702504146e-03	2.39177670175907e-02	1
16	31	1.04359391635042e-03	1.93812925042033e-02	1
17	31	9.75936770246483e-04	2.11427818386925e-02	1
18	31	9.20981349059656e-04	1.89462027713546e-02	1
19	31	8.70322878227979e-04	1.84549982969072e-02	1
20	31	8.00585484803879e-04	1.51562783064186e-02	1
21	31	7.48595623816528e-04	1.47627402744887e-02	1
22	31	7.00864293046086e-04	1.36514303548781e-02	1
23	31	6.29671741727673e-04	1.29299709134635e-02	1
24	31	5.76778090517435e-04	1.12401919557876e-02	1
25	31	5.18238962108856e-04	9.71604106736178e-03	1
26	31	4.52808372724844e-04	9.02087555422606e-03	1
27	31	3.97450733947886e-04	7.75940881943455e-03	1
28	31	3.18311718075834e-04	6.05903931099846e-03	1
29	31	2.44440615329143e-04	4.23132702551475e-03	1
30	31	1.40383758738729e-04	2.38875695256603e-03	1
32	31	1.15850770275957e-04	2.28746214025065e-03	1
33	31	2.21820188541916e-04	4.12621590543000e-03	1
34	31	2.82675624987449e-04	5.85245817309754e-03	1
35	31	3.28902578527258e-04	6.39073530287140e-03	1
36	31	3.72870374919912e-04	6.97418532083243e-03	1
37	31	4.11968246428818e-04	7.66493082650804e-03	1
38	31	4.49096966568348e-04	9.23922100319806e-03	1
39	31	5.14207370186579e-04	9.55964732423970e-03	1
40	31	5.73331902867066e-04	1.16203725890415e-02	1
41	31	6.25647559637963e-04	1.26565375887683e-02	1
42	31	6.93154415435648e-04	1.48091991177412e-02	1
43	31	7.43353184620235e-04	1.50425847188248e-02	1
44	31	8.12097657150156e-04	1.62891632139279e-02	1
45	31	8.61138174272225e-04	1.57853884323289e-02	1
46	31	9.19745591592082e-04	1.66131887531651e-02	1
47	31	9.88872192311583e-04	1.91210548449981e-02	1
48	31	1.04247039472573e-03	1.99450390331379e-02	1
49	31	1.09817885154358e-03	2.26578627989582e-02	1
50	31	1.16933156545925e-03	2.17021745535550e-02	1
51	31	1.22386383680730e-03	2.41678593102793e-02	1
52	31	1.27458285030156e-03	2.57542497663511e-02	1
53	31	1.34005775677812e-03	2.37436621457263e-02	1
54	31	1.39820759434185e-03	2.95606750558038e-02	1
55	31	1.46085044546478e-03	2.87877231930801e-02	1
56	31	1.50280170724770e-03	2.94825055800207e-02	1
57	31	1.54173491343662e-03	3.23216696225841e-02	1
58	31	1.58265161135345e-03	2.98029445464131e-02	1
59	31	1.61665391694208e-03	3.12852378035334e-02	1
60	31	1.65319372122764e-03	3.02656975050009e-02	1
61	31	1.70268581540589e-03	3.36235553865595e-02	1
62	31	1.73200350747096e-03	3.55886274639404e-02	1
63	31	1.76802462283703e-03	3.51500868856316e-02	1
64	31	1.79920752847740e-03	3.34131859791359e-02	1
65	31	1.81523464713200e-03	3.73187203494603e-02	1
66	31	1.84062308158684e-03	3.45932630006585e-02	1
67	31	1.85941799421330e-03	3.78262586642231e-02	1
68	31	1.88050353701066e-03	3.95669531993780e-02	1
69	31	1.90603635698994e-03	3.79728477220951e-02	1
70	31	1.92496418500916e-03	3.86884357736937e-02	1
71	31	1.94494250475069e-03	3.62730633521198e-02	1
72	31	1.96775478084462e-03	3.82075240588374e-02	1
73	31	1.98302002902982e-03	3.55415656007775e-02	1
74	31	2.01067839505928e-03	3.86629888818128e-02	1
75	31	2.02231579746726e-03	3.74098841792926e-02	1
76	31	2.04327353938676e-03	4.20798796021249e-02	1
77	31	2.06329570321894e-03	4.19214646943178e-02	1
78	31	2.08391966879207e-03	4.34172389546307e-02	1
79	31	2.09916376518113e-03	4.55890939277294e-02	1
80	31	2.12643995993460e-03	4.22816124999762e-02	1
81	31	2.14562586521406e-03	4.13679802893185e-02	1
82	31	2.17292955811714e-03	4.23356023999800e-02	1
83	31	2.19433900242950e-03	4.41946636960358e-02	1
84	31	2.21794457174869e-03	4.41180441307269e-02	1
85	31	2.24597545712670e-03	4.38972646167825e-02	1
86	31	2.27164830067709e-03	4.60341740950709e-02	1
87	31	2.29088159917544e-03	4.67456991947105e-02	1
88	31	2.31685094543061e-03	4.45385148229791e-02	1
89	31	2.33542753340553e-03	4.55612952431568e-02	1
90	31	2.37008137162266e-03	4.61180466530587e-02	1
1	36	1.80294202843152e-03	3.63377447897109e-02	1
2	36	1.77378154241670e-03	3.69542892600284e-02	1
3	36	1.73416256885049e-03	3.66330018606789e-02	1
4	36	1.71266420834940e-03	3.09217711430568e-02	1
5	36	1.66803496910929e-03	3.50177556624466e-02	1
6	36	1.65427191984505e-03	3.10994177406886e-02	1
7	36	1.60037502859608e-03	3.04535731656547e-02	1
8	36	1.57331381693936e-03	3.12276830696776e-02	1
9	36	1.52375818758284e-03	3.18456960624822e-02	1
10	36	1.49352288401980e-03	3.30227453488449e-02	1
11	36	1.46256585389255e-03	2.82660351567568e-02	1
12	36	1.41019431472676e-03	2.80067904103736e-02	1
13	36	1.36737144386628e-03	2.92154545613550e-02	1
14	36	1.32120485497872e-03	2.87551233364443e-02	1
15	36	1.26842999186354e-03	2.55296164614635e-02	1
16	36	1.22028193654449e-03	2.50573975478395e-02	1
17	36	1.15672318683672e-03	2.14437852833261e-02	1
18	36	1.10412005323701e-03	2.18527532381573e-02	1
19	36	1.05369313678370e-03	2.05887511320088e-02	1
20	36	9.88091836031031e-04	1.93131308059241e-02	1
21	36	9.39153215491411e-04	1.76085704245421e-02	1
22	36	8.97128477912815e-04	1.79454912185537e-02	1
23	36	8.28012533810385e-04	1.69067018695397e-02	1
24	36	7.77006644348092e-04	1.55162418093965e-02	1
25	36	7.18739290465893e-04	1.49887787946820e-02	1
26	36	6.61154573755562e-04	1.33005071140781e-02	1
27	36	6.08472830959453e-04	1.23961836256490e-02	1
28	36	5.37648660664650e-04	1.10910188455558e-02	1
29	36	4.87362668120114e-04	9.65548557109164e-03	1
30	36	4.36909645469797e-04	8.74687420209750e-03	1
31	36	3.72870374919912e-04	7.00868620189623e-03	1
32	36	3.25802654897642e-04	6.18878118502432e-03	1
33	36	2.75128987723681e-04	5.91868788612954e-03	1
34	36	2.02105074613787e-04	3.31373141509370e-03	1
35	36	1.45570072301882e-04	2.70189160877480e-03	1
37	36	1.14248162036141e-04	2.10878001523151e-03	1
38	36	1.71263230963252e-04	3.43739262453883e-03	1
39	36	2.36373634581484e-04	4.66212163886128e-03	1
40	36	2.95498167261971e-04	5.15457847971160e-03	1
41	36	3.47813824032868e-04	6.87190467359624e-03	1
42	36	4.15320679830553e-04	8.01860825366743e-03	1
43	36	4.65519449015140e-04	9.02175923927014e-03	1
44	36	5.34263921545061e-04	1.05458786609893e-02	1
45	36	5.83304438667130e-04	1.15912909787265e-02	1
46	36	6.41911855986987e-04	1.31622484833651e-02	1
47	36	7.11038456706489e-04	1.41323526289656e-02	1
48	36	7.64636659120640e-04	1.57655862013198e-02	1
49	36	8.20345115938490e-04	1.57500124907371e-02	1
50	36	8.91497829854157e-04	1.77737380913607e-02	1
51	36	9.46030101202205e-04	2.00896318818184e-02	1
52	36	9.96749114696469e-04	2.02319830301181e-02	1
53	36	1.06222402117302e-03	2.16132693600821e-02	1
54	36	1.12037385873676e-03	2.32415864070798e-02	1
55	36	1.18301670985969e-03	2.08255636520464e-02	1
56	36	1.23016411688034e-03	2.40760325315309e-02	1
57	36	1.28500690069199e-03	2.24417206072031e-02	1
58	36	1.33841307497910e-03	2.78747864979689e-02	1
59	36	1.38954620089694e-03	2.98033835836891e-02	1
60	36	1.43458780982647e-03	3.10068392405725e-02	1
61	36	1.48807371796171e-03	2.67257316268367e-02	1
62	36	1.52276268215734e-03	3.18475638231352e-02	1
63	36	1.56233380239877e-03	3.04327374855939e-02	1
64	36	1.59351670803914e-03	3.50338149293059e-02	1
65	36	1.61050481464464e-03	2.91395099329150e-02	1
66	36	1.63589324909948e-03	3.19506867035694e-02	1
67	36	1.65468816172594e-03	3.51705372791816e-02	1
68	36	1.67577370452330e-03	3.25547232659389e-02	1
69	36	1.70130652450258e-03	3.28096968350344e-02	1
70	36	1.72023435252180e-03	3.39160285734654e-02	1
71	36	1.74021267226333e-03	3.47609810755344e-02	1
72	36	1.76302494835726e-03	3.44607501249205e-02	1
73	36	1.77829019654246e-03	3.46734102765630e-02	1
74	36	1.80988863692241e-03	3.72311382364408e-02	1
75	36	1.82152603933040e-03	3.30334851318127e-02	1
76	36	1.84358845035998e-03	3.68113673380389e-02	1
77	36	1.86390025617136e-03	3.67515068776003e-02	1
78	36	1.88452422174449e-03	4.08626911172735e-02	1
79	36	1.89976831813355e-03	3.66679911421126e-02	1
80	36	1.92752505757312e-03	3.61602920570817e-02	1
81	36	1.94671096285259e-03	3.92172134318232e-02	1
82	36	1.97479328235810e-03	3.92650878293820e-02	1
83	36	1.99620272667046e-03	4.13654130434812e-02	1
84	36	2.01980829598966e-03	3.80441494970461e-02	1
85	36	2.04949647957913e-03	3.86368338880216e-02	1
86	36	2.07834311236167e-03	4.39488095064423e-02	1
87	36	2.09757641086001e-03	3.89910197261371e-02	1
88	36	2.12490367194549e-03	4.08298143785007e-02	1
89	36	2.14369768223734e-03	3.93934151678601e-02	1
90	36	2.18001904454563e-03	4.27943160791522e-02	1
1	41	1.95189013645834e-03	3.95375769454533e-02	1
2	41	1.92272965044352e-03	4.13907342643868e-02	1
3	41	1.88663388411066e-03	3.67328703007195e-02	1
4	41	1.86513552360957e-03	3.20030957986544e-02	1
5	41	1.82050628436946e-03	3.56422547474573e-02	1
6	41	1.80674323510522e-03	3.56059862292212e-02	1
7	41	1.75521469727871e-03	3.36315214317238e-02	1
8	41	1.72849408304562e-03	3.62149676933940e-02	1
9	41	1.68006644338496e-03	3.54110024998418e-02	1
10	41	1.64983113982192e-03	3.26137848623137e-02	1
11	41	1.61887410969467e-03	3.31576033945055e-02	1
12	41	1.57255431258287e-03	3.20785397971297e-02	1
13	41	1.54551599387474e-03	2.88698239715991e-02	1
14	41	1.51056808234684e-03	2.81725850853930e-02	1
15	41	1.47697320722075e-03	3.26870403426553e-02	1
16	41	1.44268455412112e-03	2.76593485556246e-02	1
17	41	1.39616388532464e-03	2.55260273881349e-02	1
18	41	1.34689438102145e-03	2.53790622298175e-02	1
19	41	1.30006408153657e-03	2.61956821280445e-02	1
20	41	1.23605816030673e-03	2.62681247899383e-02	1
21	41	1.18711953976711e-03	2.45246718918668e-02	1
22	41	1.14509480218852e-03	2.35939396345394e-02	1
23	41	1.07672927912464e-03	2.09776123452577e-02	1
24	41	1.02588284330651e-03	2.16964750939307e-02	1
25	41	9.71007405389595e-04	1.93011499940878e-02	1
26	41	9.13931758473613e-04	1.65930155827822e-02	1
27	41	8.61250015677504e-04	1.74811012957502e-02	1
28	41	7.90425845382700e-04	1.57888178651351e-02	1
29	41	7.40139852838164e-04	1.39025216399834e-02	1
30	41	6.89686830187848e-04	1.29775483737817e-02	1
31	41	6.25647559637963e-04	1.26685356043255e-02	1
32	41	5.78579839615693e-04	1.05056937296403e-02	1
33	41	5.27906172441732e-04	1.04117843167286e-02	1
34	41	4.58492473318284e-04	9.10334800274703e-03	1
35	41	4.11654984067664e-04	7.80228097140440e-03	1
36	41	3.47813824032868e-04	6.64301617969836e-03	1
37	41	2.97093048825113e-04	5.37937404221452e-03	1
38	41	2.44761166032061e-04	4.43529195658455e-03	1
39	41	1.84037276539405e-04	3.22882567119567e-03	1
40	41	1.22110486159097e-04	2.35608935684828e-03	1
42	41	1.53902429137573e-04	3.16990320039682e-03	1
43	41	2.16396733580048e-04	4.59220777568932e-03	1
44	41	2.86287924604057e-04	5.44737734323239e-03	1
45	41	3.35328441726126e-04	6.42840684895031e-03	1
46	41	3.93935859045983e-04	7.68560631632056e-03	1
47	41	4.63062459765485e-04	8.93009597799902e-03	1
48	41	5.16660662179636e-04	1.00046259841677e-02	1
49	41	5.72369118997487e-04	1.14628859394895e-02	1
50	41	6.43521832913153e-04	1.09040824721601e-02	1
51	41	6.99306906050008e-04	1.36162393816954e-02	1
52	41	7.54151363649371e-04	1.57589724228104e-02	1
53	41	8.22446956247516e-04	1.58069965389660e-02	1
54	41	8.83390937638174e-04	1.87355809841699e-02	1
55	41	9.48125517307214e-04	1.87072573685697e-02	1
56	41	9.96714490820582e-04	1.97570079446519e-02	1
57	41	1.05230413875790e-03	2.13197123610310e-02	1
58	41	1.10718441739580e-03	2.05954476854332e-02	1
59	41	1.15831754331364e-03	2.16851436100399e-02	1
60	41	1.20393898956599e-03	2.35706148812884e-02	1
61	41	1.26868018423055e-03	2.73923863183782e-02	1
62	41	1.31701473151618e-03	2.64420041160222e-02	1
63	41	1.37073916480471e-03	2.73673388436096e-02	1
64	41	1.41799950127269e-03	2.96865287955789e-02	1
65	41	1.44856104508155e-03	2.76218678763513e-02	1
66	41	1.49202469087736e-03	2.94829901424358e-02	1
67	41	1.52507944027395e-03	2.89367683724733e-02	1
68	41	1.55305724898993e-03	3.10545297694419e-02	1
69	41	1.58646830338716e-03	3.10756484001439e-02	1
70	41	1.60543592294785e-03	3.16058544000438e-02	1
71	41	1.62636379627389e-03	3.55027780097765e-02	1
72	41	1.64917607236782e-03	3.32384403108545e-02	1
73	41	1.66444132055303e-03	3.23816081859114e-02	1
74	41	1.69852031335068e-03	3.26544167005811e-02	1
75	41	1.71056309765652e-03	3.30504214999710e-02	1
76	41	1.73469563800014e-03	3.76431595514165e-02	1
77	41	1.75500744381152e-03	3.33166197884060e-02	1
78	41	1.77563140938465e-03	3.29997396390671e-02	1
79	41	1.79087550577370e-03	3.64442079294958e-02	1
80	41	1.81863224521328e-03	3.59891324080061e-02	1
81	41	1.83781815049274e-03	3.60294862061882e-02	1
82	41	1.86590046999826e-03	3.81165152169761e-02	1
83	41	1.88730991431061e-03	3.83173210419472e-02	1
84	41	1.91091548362981e-03	3.91669792334296e-02	1
85	41	1.94079711013037e-03	3.66765701580552e-02	1
86	41	1.97088054596788e-03	3.63417267941440e-02	1
87	41	1.99145196740381e-03	3.47476281471504e-02	1
88	41	2.02023183866653e-03	3.97238744193117e-02	1
89	41	2.03929217929017e-03	3.74935922450831e-02	1
90	41	2.07589949671061e-03	4.08192894175619e-02	1
1	46	2.16454917384462e-03	4.49225874922398e-02	1
2	46	2.13538868782980e-03	3.84004311114161e-02	1
3	46	2.10061302948096e-03	4.26556265730983e-02	1
4	46	2.07928432484890e-03	4.17451549049659e-02	1
5	46	2.03465508560879e-03	4.34090638679269e-02	1
6	46	2.02089203634455e-03	3.86528564492710e-02	1
7	46	1.97132780491851e-03	3.79116665352650e-02	1
8	46	1.94655324013687e-03	3.79715570642466e-02	1
9	46	1.89958872638172e-03	3.52637493014474e-02	1
10	46	1.86935342281867e-03	3.78940181017462e-02	1
11	46	1.83839639269143e-03	3.41547591920063e-02	1
12	46	1.79207659557962e-03	3.54005533808902e-02	1
13	46	1.76503827687149e-03	3.39322768088889e-02	1
14	46	1.73009036534359e-03	3.70107109977537e-02	1
15	46	1.69649549021750e-03	3.61257897110971e-02	1
16	46	1.66220683711787e-03	3.23806123672906e-02	1
17	46	1.61568616832139e-03	3.29734851611874e-02	1
18	46	1.58543280228542e-03	3.20733898807998e-02	1
19	46	1.55482441056867e-03	3.43320508252104e-02	1
20	46	1.50979906442175e-03	2.94932849535508e-02	1
21	46	1.47703305271333e-03	3.02954048512204e-02	1
22	46	1.43919283414263e-03	2.80187511427581e-02	1
23	46	1.37082731107876e-03	2.86154368918550e-02	1
24	46	1.31998087526063e-03	2.56857247381863e-02	1
25	46	1.26510543734371e-03	2.45530504892133e-02	1
26	46	1.20802979042773e-03	2.46178449305892e-02	1
27	46	1.15534804763162e-03	2.35032144024034e-02	1
28	46	1.08452387733682e-03	2.11552902613532e-02	1
29	46	1.03423788479228e-03	2.13152397317152e-02	1
30	46	9.83784862141967e-04	1.93940033734435e-02	1
31	46	9.19745591592082e-04	2.03768649157077e-02	1
32	46	8.72677871569812e-04	1.69817852221011e-02	1
33	46	8.22004204395850e-04	1.64614712147855e-02	1
34	46	7.52590505272403e-04	1.63493976770734e-02	1
35	46	7.05753016021782e-04	1.40048459464258e-02	1
36	46	6.41911855986987e-04	1.20783306999890e-02	1
37	46	5.91191080779232e-04	1.06713512303647e-02	1
38	46	5.38859197986180e-04	1.02045246673366e-02	1
39	46	4.78135308493524e-04	9.58532904129322e-03	1
40	46	4.38224616740403e-04	8.02507362261516e-03	1
41	46	3.93935859045983e-04	7.79405484540014e-03	1
42	46	3.33978744776236e-04	6.52877620855523e-03	1
43	46	2.96419987851024e-04	5.77958823195475e-03	1
44	46	2.28395510114161e-04	4.10176587636427e-03	1
45	46	1.24625997415656e-04	2.50423530723652e-03	1
47	46	1.52528104901097e-04	2.78602885083952e-03	1
48	46	2.64857942385493e-04	5.31611888438775e-03	1
49	46	3.28738420114989e-04	6.75590422759139e-03	1
50	46	4.06362112697070e-04	8.11871306147749e-03	1
51	46	4.66023088603258e-04	1.01492645634858e-02	1
52	46	5.26211449225802e-04	1.07239522691198e-02	1
53	46	5.95111803270872e-04	1.25932132529602e-02	1
54	46	6.59843458248692e-04	1.28815737243694e-02	1
55	46	7.26295313202942e-04	1.54809005854880e-02	1
56	46	7.77333370723948e-04	1.56107741081982e-02	1
57	46	8.39163229577445e-04	1.59353270059270e-02	1
58	46	9.00843653355229e-04	1.67390557783553e-02	1
59	46	9.55399167937316e-04	1.85398621301509e-02	1
60	46	1.00366245759653e-03	1.92761468105546e-02	1
61	46	1.07543446676179e-03	2.07837213663002e-02	1
62	46	1.12670409194963e-03	2.29015828336388e-02	1
63	46	1.18536828051221e-03	2.44590132972721e-02	1
64	46	1.23681914288254e-03	2.51702804459814e-02	1
65	46	1.26765013664950e-03	2.51869749019793e-02	1
66	46	1.31310432955379e-03	2.68621065896092e-02	1
67	46	1.35521609090938e-03	2.79968658609626e-02	1
68	46	1.38502214305437e-03	2.74240852615273e-02	1
69	46	1.43388683723130e-03	2.69379658601564e-02	1
70	46	1.47070137392882e-03	2.78068351507339e-02	1
71	46	1.51503812707773e-03	2.89210663718816e-02	1
72	46	1.54890388297660e-03	2.86295427500038e-02	1
73	46	1.57663266314364e-03	3.18233308883888e-02	1
74	46	1.62118531227250e-03	3.00382026402332e-02	1
75	46	1.64749232327359e-03	3.44319913177554e-02	1
76	46	1.68299613569662e-03	3.14834610022235e-02	1
77	46	1.71910309579273e-03	3.65202516656091e-02	1
78	46	1.75313800952167e-03	3.54151906440399e-02	1
79	46	1.76867188408169e-03	3.64289805856166e-02	1
80	46	1.79730815513400e-03	3.55890812447609e-02	1
81	46	1.81649406041346e-03	3.45141520762375e-02	1
82	46	1.84457637991898e-03	3.46224261128790e-02	1
83	46	1.86598582423133e-03	3.78637498286819e-02	1
84	46	1.88959139355053e-03	3.45762065063061e-02	1
85	46	1.92021458658301e-03	4.04828100041120e-02	1
86	46	1.95029802242053e-03	3.81112786940774e-02	1
87	46	1.97101397189851e-03	3.66801529175590e-02	1
88	46	2.00066384587474e-03	4.18218049619603e-02	1
89	46	2.02235733880138e-03	4.03314068514702e-02	1
90	46	2.05898844831013e-03	3.71948584639241e-02	1
1	51	2.37781273878866e-03	4.94628762897190e-02	1
2	51	2.34865225277384e-03	4.92869757862018e-02	1
3	51	2.31494038881861e-03	4.71335741945559e-02	1
4	51	2.29627412796440e-03	4.66124089815527e-02	1
5	51	2.25164488872429e-03	4.32526619219128e-02	1
6	51	2.23788183946005e-03	4.27426804349762e-02	1
7	51	2.18831760803401e-03	4.68989121607030e-02	1
8	51	2.16375659111490e-03	4.26604063221899e-02	1
9	51	2.11841854314931e-03	3.90868277159482e-02	1
10	51	2.08992452360209e-03	3.86514796003081e-02	1
11	51	2.05917055739601e-03	4.16860170580471e-02	1
12	51	2.01285076028420e-03	3.88797891433613e-02	1
13	51	1.98581244157607e-03	3.89768870379988e-02	1
14	51	1.95086453004818e-03	3.85564064973092e-02	1
15	51	1.91726965492208e-03	3.81552535591172e-02	1
16	51	1.88298100182246e-03	3.56537239663229e-02	1
17	51	1.83646033302597e-03	3.42240356664792e-02	1
18	51	1.80620696699000e-03	3.61874394747658e-02	1
19	51	1.77593469196792e-03	3.41359798270552e-02	1
20	51	1.73107960984445e-03	3.54345668170905e-02	1
21	51	1.70292122487738e-03	3.58446758646686e-02	1
22	51	1.67542937148925e-03	3.29461383657114e-02	1
23	51	1.62952257410967e-03	3.09421249388808e-02	1
24	51	1.58735046404823e-03	2.93613335031377e-02	1
25	51	1.54856741625475e-03	3.05762355621602e-02	1
26	51	1.50584129044335e-03	2.66713225252829e-02	1
27	51	1.45946629284684e-03	2.78926085005793e-02	1
28	51	1.38864212255204e-03	2.57105887695373e-02	1
29	51	1.33835613000750e-03	2.55637141739425e-02	1
30	51	1.28790310735718e-03	2.53034744989021e-02	1
31	51	1.22386383680730e-03	2.40077558481568e-02	1
32	51	1.17679611678503e-03	2.33493834126073e-02	1
33	51	1.12612244961107e-03	2.14872157090109e-02	1
34	51	1.05670875048762e-03	2.31408337933292e-02	1
35	51	1.00987126123700e-03	2.01497961016885e-02	1
36	51	9.46030101202205e-04	1.90412679124773e-02	1
37	51	8.95309325994450e-04	1.72911209901230e-02	1
38	51	8.43458236804212e-04	1.69086325386511e-02	1
39	51	7.83506355497548e-04	1.53913117648135e-02	1
40	51	7.43595663744428e-04	1.50175136665412e-02	1
41	51	6.99306906050007e-04	1.44910442786411e-02	1
42	51	6.39349791780260e-04	1.27423869002826e-02	1
43	51	6.05159216503523e-04	1.15861543509993e-02	1
44	51	5.54362638686918e-04	1.05677978138764e-02	1
45	51	5.10257610602162e-04	1.06655734144553e-02	1
46	51	4.66023088603258e-04	9.01079379508904e-03	1
47	51	3.98480051559522e-04	8.67708303937423e-03	1
48	51	3.42439546153503e-04	6.68529959683482e-03	1
49	51	2.62397447208429e-04	4.91802256008850e-03	1
50	51	1.21667039826783e-04	2.48532427588591e-03	1
52	51	1.19665289040077e-04	2.41001318027114e-03	1
53	51	2.58849659387900e-04	4.58004611473625e-03	1
54	51	3.70599459160753e-04	6.88838552186248e-03	1
55	51	4.79143840502203e-04	9.58260890366737e-03	1
56	51	5.32918615383679e-04	1.04609142081154e-02	1
57	51	6.06684069132837e-04	1.19059556735818e-02	1
58	51	6.77039937887406e-04	1.28183070616324e-02	1
59	51	7.36144624800407e-04	1.35079686718528e-02	1
60	51	7.85991397754948e-04	1.62965282513816e-02	1
61	51	8.62190526729849e-04	1.70704602309729e-02	1
62	51	9.15573229324116e-04	1.80857628857622e-02	1
63	51	9.79112048377798e-04	1.93269764740991e-02	1
64	51	1.03285536508497e-03	2.16703583980115e-02	1
65	51	1.06806341205434e-03	1.96699522608023e-02	1
66	51	1.12359342830748e-03	2.16925142323373e-02	1
67	51	1.17129905872369e-03	2.40726261350834e-02	1
68	51	1.20165123940271e-03	2.51260269042325e-02	1
69	51	1.25170119615427e-03	2.47860362147683e-02	1
70	51	1.29136675946859e-03	2.58215657947501e-02	1
71	51	1.34148816559458e-03	2.77576000037404e-02	1
72	51	1.37968520180294e-03	2.97063313525083e-02	1
73	51	1.41187242637025e-03	2.61153905327863e-02	1
74	51	1.46282955146650e-03	2.75649493152553e-02	1
75	51	1.49190783203976e-03	3.04447785263041e-02	1
76	51	1.52777807636220e-03	3.09216416290902e-02	1
77	51	1.57154768055023e-03	3.18026469265835e-02	1
78	51	1.61085135366186e-03	3.07393577398400e-02	1
79	51	1.64284481626051e-03	3.41305975387964e-02	1
80	51	1.68573079743793e-03	3.41067138758649e-02	1
81	51	1.72031551553497e-03	3.38227015310904e-02	1
82	51	1.76070307831716e-03	3.52560372518447e-02	1
83	51	1.80093194077641e-03	3.66768581090543e-02	1
84	51	1.83929146658130e-03	3.64192501251972e-02	1
85	51	1.88593678966957e-03	3.70787778366013e-02	1
86	51	1.92675037052127e-03	3.84413481834933e-02	1
87	51	1.95721038745152e-03	3.80472942748878e-02	1
88	51	1.98870750584225e-03	4.12304016448827e-02	1
89	51	2.01117241451669e-03	4.14329365369406e-02	1
90	51	2.04871023402596e-03	3.71773408515525e-02	1
1	56	2.56988687271480e-03	4.83732654824707e-02	1
2	56	2.54072638669998e-03	5.35133033479297e-02	1
3	56	2.50701452274475e-03	5.14896443932857e-02	1
4	56	2.48864164957630e-03	4.70927651283314e-02	1
5	56	2.44401241033619e-03	5.01352828328788e-02	1
6	56	2.43024936107195e-03	4.92709973853223e-02	1
7	56	2.38068512964591e-03	5.00897054982663e-02	1
8	56	2.35612411272680e-03	4.68832137708108e-02	1
9	56	2.31078606476120e-03	4.57163279076783e-02	1
10	56	2.28229204521399e-03	4.88299191736407e-02	1
11	56	2.25250066979069e-03	4.54802700393321e-02	1
12	56	2.20620393049588e-03	4.69847421850745e-02	1
13	56	2.17916561178775e-03	4.31579032448033e-02	1
14	56	2.14421770025986e-03	4.00099223838348e-02	1
15	56	2.11062282513376e-03	4.23659246137989e-02	1
16	56	2.07633417203414e-03	4.28750226800040e-02	1
17	56	2.02981350323765e-03	4.08568093829709e-02	1
18	56	1.99956013720168e-03	3.61670776177519e-02	1
19	56	1.96928786217960e-03	3.90889187514390e-02	1
20	56	1.92443278005613e-03	3.71093443716525e-02	1
21	56	1.89627439508906e-03	3.21718379888767e-02	1
22	56	1.86958835403840e-03	3.97445497912527e-02	1
23	56	1.82499255202810e-03	3.92443667329297e-02	1
24	56	1.78600125058294e-03	3.19374207707703e-02	1
25	56	1.74912952560814e-03	3.41060867104900e-02	1
26	56	1.70838128796432e-03	3.36412603844803e-02	1
27	56	1.67212435349572e-03	3.29627289512030e-02	1
28	56	1.61873910294992e-03	3.02808990089980e-02	1
29	56	1.58359277117784e-03	2.87158297132756e-02	1
30	56	1.54938514041529e-03	3.27903162101446e-02	1
31	56	1.50280170724770e-03	2.89690369463054e-02	1
32	56	1.46093013246317e-03	2.97333467849287e-02	1
33	56	1.41025646528921e-03	2.65523154906524e-02	1
34	56	1.34084276616576e-03	3.07098047980502e-02	1
35	56	1.29400527691514e-03	2.48062994655803e-02	1
36	56	1.23016411688034e-03	2.47047222043877e-02	1
37	56	1.17944334167259e-03	2.45921652320330e-02	1
38	56	1.12759225248235e-03	2.38136799781157e-02	1
39	56	1.06967558205691e-03	2.00055925154610e-02	1
40	56	1.03624634652752e-03	2.00580129062028e-02	1
41	56	9.96714490820582e-04	2.06641325033900e-02	1
42	56	9.40640689875548e-04	1.80121413391085e-02	1
43	56	9.09017499515455e-04	1.97076641769557e-02	1
44	56	8.60329017784427e-04	1.64105442018344e-02	1
45	56	8.16223989699672e-04	1.67522421782762e-02	1
46	56	7.77333370723948e-04	1.67303993701202e-02	1
47	56	7.19410882796932e-04	1.45063208075495e-02	1
48	56	6.77640098993672e-04	1.34604611410406e-02	1
49	56	6.34587184934149e-04	1.24160335919742e-02	1
50	56	5.85666870498120e-04	1.25560187540747e-02	1
51	56	5.32918615383679e-04	1.06940203327539e-02	1
52	56	4.77578973510664e-04	9.58464380559264e-03	1
53	56	3.66072503664908e-04	7.11091362494581e-03	1
54	56	2.55554573468483e-04	4.73150981634267e-03	1
55	56	1.17443974344850e-04	2.04212509287273e-03	1
57	56	1.18095752880996e-04	2.11211094216796e-03	1
58	56	2.49716951315919e-04	4.71052999263010e-03	1
59	56	3.57663417444289e-04	6.94398336098023e-03	1
60	56	4.63154372608271e-04	9.86721368757820e-03	1
61	56	5.99532584988317e-04	1.17668643998970e-02	1
62	56	6.79664247453275e-04	1.34414918593214e-02	1
63	56	7.58316351068334e-04	1.43628757026725e-02	1
64	56	8.18355210693042e-04	1.52644118313769e-02	1
65	56	8.67546057977570e-04	1.77498318738651e-02	1
66	56	9.26206444456891e-04	1.82754321186190e-02	1
67	56	9.74260977625049e-04	1.93407582523719e-02	1
68	56	1.00741677113056e-03	1.94560761869367e-02	1
69	56	1.05881636317540e-03	1.99763673865547e-02	1
70	56	1.09985839508165e-03	2.17460520105988e-02	1
71	56	1.15670460575842e-03	2.38560722462615e-02	1
72	56	1.19768546265181e-03	2.42970062769488e-02	1
73	56	1.23264422768660e-03	2.60403855412725e-02	1
74	56	1.28583280381282e-03	2.71444084654532e-02	1
75	56	1.32262204063799e-03	2.62959522273604e-02	1
76	56	1.36454880077305e-03	2.85167657654257e-02	1
77	56	1.41343017167540e-03	2.79208109626222e-02	1
78	56	1.45273384478704e-03	2.88023881473506e-02	1
79	56	1.48913016956539e-03	3.29233370028556e-02	1
80	56	1.53766103852165e-03	2.88829370617169e-02	1
81	56	1.57709156260022e-03	3.13772023864443e-02	1
82	56	1.62213414481035e-03	3.12969561453442e-02	1
83	56	1.66509659358777e-03	3.70649601335558e-02	1
84	56	1.70952458403886e-03	3.42284612201761e-02	1
85	56	1.76154508166208e-03	3.62831216273699e-02	1
86	56	1.80828970572236e-03	3.40944229488344e-02	1
87	56	1.84464386001942e-03	3.72194092905794e-02	1
88	56	1.89434634161104e-03	3.88967757873781e-02	1
89	56	1.92677042390177e-03	3.88385449577712e-02	1
90	56	1.97374003086340e-03	3.75551217444932e-02	1
1	61	2.75139678888537e-03	4.99129453174188e-02	1
2	61	2.72223630287055e-03	5.53658154818976e-02	1
3	61	2.68872160784857e-03	5.26305608711010e-02	1
4	61	2.67167728352886e-03	5.30444982474881e-02	1
5	61	2.62704804428875e-03	5.18102354425430e-02	1
6	61	2.61570585652157e-03	5.68401348579844e-02	1
7	61	2.56776501493112e-03	4.99991979642268e-02	1
8	61	2.54502834845390e-03	5.33889157865904e-02	1
9	61	2.50061964648247e-03	5.18620724145890e-02	1
10	61	2.47212562693526e-03	5.41393973368490e-02	1
11	61	2.44334655556723e-03	4.44717272994085e-02	1
12	61	2.39941186036448e-03	4.64790132348987e-02	1
13	61	2.37237354165635e-03	4.83290074938635e-02	1
14	61	2.33742563012846e-03	4.52140762672978e-02	1
15	61	2.30383075500236e-03	4.44994477867949e-02	1
16	61	2.26954210190274e-03	4.81178733285127e-02	1
17	61	2.22302143310625e-03	4.22045695027677e-02	1
18	61	2.19276806707028e-03	4.54490313401918e-02	1
19	61	2.16249579204820e-03	4.21087814063461e-02	1
20	61	2.11764070992473e-03	4.06729548937641e-02	1
21	61	2.08948232495766e-03	4.31503688677504e-02	1
22	61	2.06325742498985e-03	4.09812829006013e-02	1
23	61	2.01866162297956e-03	4.07314427487101e-02	1
24	61	1.98211496352291e-03	3.86656952919426e-02	1
25	61	1.94524323854812e-03	3.92796126342164e-02	1
26	61	1.90554002062099e-03	3.45917940360729e-02	1
27	61	1.87082667415995e-03	3.75354959826696e-02	1
28	61	1.81832568127469e-03	3.41552083344769e-02	1
29	61	1.78317934950262e-03	3.37311164640647e-02	1
30	61	1.74897171874006e-03	3.74456797646475e-02	1
31	61	1.70268581540589e-03	3.41806566806383e-02	1
32	61	1.67202899297617e-03	3.35866785113190e-02	1
33	61	1.63335353115303e-03	3.02922879892050e-02	1
34	61	1.58097291170831e-03	3.37080826498141e-02	1
35	61	1.54519162360116e-03	3.15886997109720e-02	1
36	61	1.48807371796172e-03	2.90417501024646e-02	1
37	61	1.44323533893989e-03	2.74940079747777e-02	1
38	61	1.39349147117598e-03	2.63483426480672e-02	1
39	61	1.34063280368404e-03	2.71772980283925e-02	1
40	61	1.30750825388837e-03	2.56873196212331e-02	1
41	61	1.26868018423055e-03	2.50312555760878e-02	1
42	61	1.22263456708310e-03	2.34416451962341e-02	1
43	61	1.19752092334588e-03	2.39875287501746e-02	1
44	61	1.15189833528651e-03	2.25395329634263e-02	1
45	61	1.11293039765734e-03	2.02148876704197e-02	1
46	61	1.07543446676179e-03	2.09763274067079e-02	1
47	61	1.02551333095658e-03	1.93504717572894e-02	1
48	61	9.86619236675120e-04	2.02277993719286e-02	1
49	61	9.45841286056471e-04	1.85207257799277e-02	1
50	61	9.02104708605737e-04	1.77825219565478e-02	1
51	61	8.62190526729849e-04	1.62526643388460e-02	1
52	61	8.21676667900998e-04	1.52584719153706e-02	1
53	61	7.77550431771203e-04	1.45516088601102e-02	1
54	61	7.39069025565058e-04	1.51116030305822e-02	1
55	61	6.78634872158459e-04	1.38766196101207e-02	1
56	61	5.99532584988317e-04	1.25276120748423e-02	1
57	61	4.91436832107321e-04	9.67379710060983e-03	1
58	61	3.59815633672398e-04	6.36617552230375e-03	1
59	61	2.51869167544028e-04	4.78205560184046e-03	1
60	61	1.46378212380046e-04	2.79295039832891e-03	1
62	61	1.13151161069965e-04	2.37892443195008e-03	1
63	61	2.46185231961825e-04	4.69636998566510e-03	1
64	61	3.49631777026219e-04	6.48423302508489e-03	1
65	61	4.52252569981182e-04	8.95077121701361e-03	1
66	61	5.83839647494171e-04	1.24877378961457e-02	1
67	61	6.86923471778217e-04	1.44666721543606e-02	1
68	61	7.91838038389895e-04	1.55959131617835e-02	1
69	61	8.51810499380562e-04	1.54109162480354e-02	1
70	61	9.01703009459856e-04	1.68582966481406e-02	1
71	61	9.68120370589075e-04	1.92229568991794e-02	1
72	61	1.01099465953305e-03	2.04484442422515e-02	1
73	61	1.04672993123553e-03	1.98587520050688e-02	1
74	61	1.10427811757107e-03	2.24590883152768e-02	1
75	61	1.14439296504850e-03	2.30590030668731e-02	1
76	61	1.18695498996571e-03	2.63290842233820e-02	1
77	61	1.24064334654906e-03	2.29573233246270e-02	1
78	61	1.28335368066195e-03	2.49441037732605e-02	1
79	61	1.32102236812110e-03	2.62613876608512e-02	1
80	61	1.37658554971500e-03	3.02932266021179e-02	1
81	61	1.41998874494880e-03	2.71881103118832e-02	1
82	61	1.46562731969124e-03	3.31859398895639e-02	1
83	61	1.50858976846866e-03	3.08288922688478e-02	1
84	61	1.55861228945816e-03	2.81152462548271e-02	1
85	61	1.61540899879723e-03	3.29585569846929e-02	1
86	61	1.66509078853566e-03	3.31685838499143e-02	1
87	61	1.70751110510268e-03	3.46646700645363e-02	1
88	61	1.76526786923921e-03	3.69922681647384e-02	1
89	61	1.79824698605449e-03	3.68945680328276e-02	1
90	61	1.84521659301612e-03	3.65765836482259e-02	1
1	66	2.86004986484147e-03	5.76679325728719e-02	1
2	66	2.83377900584860e-03	5.50309116140865e-02	1
3	66	2.80796743599148e-03	5.25927654721909e-02	1
4	66	2.79833358076544e-03	5.41304183906666e-02	1
5	66	2.75607990604299e-03	5.45515575923747e-02	1
6	66	2.74622494813131e-03	5.37050021659705e-02	1
7	66	2.69828410654086e-03	5.53674585169020e-02	1
8	66	2.67630197981972e-03	5.81406840535509e-02	1
9	66	2.63283756361720e-03	4.88519062020782e-02	1
10	66	2.60434354406998e-03	4.91156578964603e-02	1
11	66	2.57556447270195e-03	5.31403516676339e-02	1
12	66	2.53387594360223e-03	4.70470272248409e-02	1
13	66	2.50683762489410e-03	5.19994179482284e-02	1
14	66	2.47188971336621e-03	5.02531115914985e-02	1
15	66	2.43836704217980e-03	4.75463822328719e-02	1
16	66	2.40468865939134e-03	5.07845708822251e-02	1
17	66	2.35838265693226e-03	4.14160871370405e-02	1
18	66	2.32812929089629e-03	4.77995425703167e-02	1
19	66	2.29785701587420e-03	4.64364190670263e-02	1
20	66	2.25300193375074e-03	4.20186595807194e-02	1
21	66	2.22484354878367e-03	4.46620157993889e-02	1
22	66	2.19893324014070e-03	4.23806438398284e-02	1
23	66	2.15433743813041e-03	4.71868263118543e-02	1
24	66	2.11842746489816e-03	4.66422326082706e-02	1
25	66	2.08155573992337e-03	4.07041163743847e-02	1
26	66	2.04207708537472e-03	3.79575767539598e-02	1
27	66	2.00736373891368e-03	3.89400352044411e-02	1
28	66	1.95486274602842e-03	3.64768477022086e-02	1
29	66	1.91971641425635e-03	4.05680657588310e-02	1
30	66	1.88550878349379e-03	3.75259163162292e-02	1
31	66	1.84062308158684e-03	3.59794818089403e-02	1
32	66	1.81020843248497e-03	3.37749925976679e-02	1
33	66	1.77317872389941e-03	3.48020875643064e-02	1
34	66	1.72079810445469e-03	3.59618586958659e-02	1
35	66	1.69037838293778e-03	3.49430180412772e-02	1
36	66	1.63589324909948e-03	3.09912003991653e-02	1
37	66	1.59550491018182e-03	2.92829242866591e-02	1
38	66	1.55340155181822e-03	3.18011727250044e-02	1
39	66	1.52935003362292e-03	2.93742138721387e-02	1
40	66	1.52378987744905e-03	3.07647417007292e-02	1
41	66	1.49202469087736e-03	3.26948730166452e-02	1
42	66	1.44834765838746e-03	3.00664841309967e-02	1
43	66	1.42578195539460e-03	2.69519974360441e-02	1
44	66	1.38305487422892e-03	2.76760521641161e-02	1
45	66	1.34501199899951e-03	2.57767466381616e-02	1
46	66	1.31310432955379e-03	2.65691101171423e-02	1
47	66	1.26796717390668e-03	2.53878028501437e-02	1
48	66	1.23527538189889e-03	2.36999429627879e-02	1
49	66	1.19759934358885e-03	2.33593480134286e-02	1
50	66	1.15710288377309e-03	2.35374421784802e-02	1
51	66	1.12359342830748e-03	2.23542221036166e-02	1
52	66	1.08666125763947e-03	2.12872913793990e-02	1
53	66	1.04253502150968e-03	2.11812121671796e-02	1
54	66	1.00771000338474e-03	2.03655314817803e-02	1
55	66	9.61039599427824e-04	1.82576071140176e-02	1
56	66	9.26206444456891e-04	1.91581578370870e-02	1
57	66	8.97351067183748e-04	1.68373410548029e-02	1
58	66	8.31959906030676e-04	1.71356122485958e-02	1
59	66	7.87763752717707e-04	1.45179388982113e-02	1
60	66	7.20217859874216e-04	1.49493488798162e-02	1
61	66	5.83839647494171e-04	1.14386134553430e-02	1
62	66	4.80688486424206e-04	8.85321832114809e-03	1
63	66	3.47654415532346e-04	6.77744453073714e-03	1
64	66	2.44207870467951e-04	4.98866494829959e-03	1
65	66	1.41587077512988e-04	2.61372201474798e-03	1
67	66	1.13083824284046e-04	1.90884961769365e-03	1
68	66	2.17998390895724e-04	4.60489599960258e-03	1
69	66	3.47022520693932e-04	6.40510696677718e-03	1
70	66	4.49027761542036e-04	9.07307204066925e-03	1
71	66	5.77203838389038e-04	1.21886956332120e-02	1
72	66	6.78622481894058e-04	1.32418017876557e-02	1
73	66	7.61989444010856e-04	1.57973567835289e-02	1
74	66	8.39309639916593e-04	1.55254867188572e-02	1
75	66	8.88693354282844e-04	1.74040401047157e-02	1
76	66	9.40664087227425e-04	2.09700344429459e-02	1
77	66	9.96255561362648e-04	1.95342724635155e-02	1
78	66	1.03983120838589e-03	2.03009010023598e-02	1
79	66	1.08175016347085e-03	2.16376259735114e-02	1
80	66	1.14140545421977e-03	2.19068692019846e-02	1
81	66	1.19082490401233e-03	2.28582416309170e-02	1
82	66	1.24466200117171e-03	2.58786471833183e-02	1
83	66	1.29135361308704e-03	2.64957183075983e-02	1
84	66	1.34305477532962e-03	2.56686934500577e-02	1
85	66	1.40011049973591e-03	3.06755472392899e-02	1
86	66	1.45559930599734e-03	2.99526016437641e-02	1
87	66	1.49948088543073e-03	2.96178212860683e-02	1
88	66	1.55913600109867e-03	3.04351982603123e-02	1
89	66	1.59592887969361e-03	3.24055358174487e-02	1
90	66	1.65541267917900e-03	3.08698073088297e-02	1
1	71	2.91327592420612e-03	5.80061269376371e-02	1
2	71	2.88700506521324e-03	6.01285003183741e-02	1
3	71	2.86119349535613e-03	6.08894308247140e-02	1
4	71	2.85155964013009e-03	5.56949591884699e-02	1
5	71	2.81162589318320e-03	5.67496145503240e-02	1
6	71	2.80907336263038e-03	6.08221330692248e-02	1
7	71	2.77254054491438e-03	5.53285662952012e-02	1
8	71	2.75876055139774e-03	5.50202734664500e-02	1
9	71	2.72467792939250e-03	5.53961603492577e-02	1
10	71	2.69731788235365e-03	5.11814791897830e-02	1
11	71	2.66853881098562e-03	5.31659054120276e-02	1
12	71	2.63094789025559e-03	6.01643029237245e-02	1
13	71	2.60525320172764e-03	5.20889505304961e-02	1
14	71	2.57030529019975e-03	5.48570563032939e-02	1
15	71	2.53790647738741e-03	4.64782428936120e-02	1
16	71	2.50422809459895e-03	4.40680687079791e-02	1
17	71	2.46042672479536e-03	5.17640771819572e-02	1
18	71	2.43017335875938e-03	4.69613135208422e-02	1
19	71	2.40060073183111e-03	4.85663621533510e-02	1
20	71	2.35577735073181e-03	4.37166811888766e-02	1
21	71	2.32761896576474e-03	4.87159038134907e-02	1
22	71	2.30212625988427e-03	5.05952340471896e-02	1
23	71	2.25753045787398e-03	4.89338723408754e-02	1
24	71	2.22274688806201e-03	4.09240326452658e-02	1
25	71	2.18587516308722e-03	4.55124163142662e-02	1
26	71	2.14639650853857e-03	4.47816360543175e-02	1
27	71	2.11168316207752e-03	4.21916678897865e-02	1
28	71	2.05918216919227e-03	3.91497678930068e-02	1
29	71	2.02403583742020e-03	4.15423442292522e-02	1
30	71	1.98982820665764e-03	3.74071028415661e-02	1
31	71	1.94494250475069e-03	3.64008296371432e-02	1
32	71	1.91452785564881e-03	4.44105405742578e-02	1
33	71	1.87749814706325e-03	3.66548593736807e-02	1
34	71	1.82511752761854e-03	3.82396425059584e-02	1
35	71	1.79469780610163e-03	3.31782458342228e-02	1
36	71	1.74021267226333e-03	3.39153191845488e-02	1
37	71	1.69982433334566e-03	3.14530992276026e-02	1
38	71	1.65772097498207e-03	3.22835390039611e-02	1
39	71	1.63366945678676e-03	2.98123031413238e-02	1
40	71	1.63410722436088e-03	3.44863075929351e-02	1
41	71	1.62636379627389e-03	3.21629616327633e-02	1
42	71	1.61661916132499e-03	3.35207111322611e-02	1
43	71	1.60801154294872e-03	3.17272303529180e-02	1
44	71	1.57249281579471e-03	3.19501294526851e-02	1
45	71	1.54475374827105e-03	3.02032001660728e-02	1
46	71	1.51503812707773e-03	2.87211565973523e-02	1
47	71	1.47438739798196e-03	2.87226938529109e-02	1
48	71	1.44381573634901e-03	2.83176048561857e-02	1
49	71	1.41162428515437e-03	3.14984350608925e-02	1
50	71	1.37499762106019e-03	2.81360685513462e-02	1
51	71	1.34148816559458e-03	2.66766066765888e-02	1
52	71	1.30581170434232e-03	2.63583349031147e-02	1
53	71	1.26844958456913e-03	2.52529385338913e-02	1
54	71	1.23611747587030e-03	2.71818128683777e-02	1
55	71	1.19123496352659e-03	2.44973026812598e-02	1
56	71	1.15670460575842e-03	2.42859092443776e-02	1
57	71	1.12784922848527e-03	2.18711953559770e-02	1
58	71	1.08243233615680e-03	2.24808595150526e-02	1
59	71	1.04626883485955e-03	2.20005096362514e-02	1
60	71	1.00335965692446e-03	2.12038886924603e-02	1
61	71	9.68120370589075e-04	1.91954240632006e-02	1
62	71	9.10840448674968e-04	1.86212548897799e-02	1
63	71	8.50068819347285e-04	1.58229248364428e-02	1
64	71	7.86797796938702e-04	1.59123789159289e-02	1
65	71	7.08790915902026e-04	1.37720482796982e-02	1
66	71	5.77203838389038e-04	1.16789345047861e-02	1
67	71	4.74120014104992e-04	9.50544087482808e-03	1
68	71	3.69205447493314e-04	7.09463826042197e-03	1
69	71	2.40181317695106e-04	4.45162912416340e-03	1
70	71	1.38176076847003e-04	2.72576309591667e-03	1
72	71	1.11418643505020e-04	2.11361977757815e-03	1
73	71	2.12500034807882e-04	3.78486192224449e-03	1
74	71	3.40281998147827e-04	6.97320460327836e-03	1
75	71	4.40575970252803e-04	9.13392704638962e-03	1
76	71	5.42069022366428e-04	1.05952197437789e-02	1
77	71	6.68344855277172e-04	1.38980457353209e-02	1
78	71	7.63311100762962e-04	1.57188609231222e-02	1
79	71	8.18507612510360e-04	1.60149848456817e-02	1
80	71	8.93606630158017e-04	1.92006781971793e-02	1
81	71	9.50576129270668e-04	1.84546487889331e-02	1
82	71	1.00980164317092e-03	2.04710275387763e-02	1
83	71	1.05774433466756e-03	1.98191519477644e-02	1
84	71	1.11076469215245e-03	2.13604498810821e-02	1
85	71	1.16952307301257e-03	2.26080407536278e-02	1
86	71	1.22921201738302e-03	2.45382467794383e-02	1
87	71	1.27536452869817e-03	2.41603298101538e-02	1
88	71	1.33667654084450e-03	2.68211335298199e-02	1
89	71	1.37629784347213e-03	2.91362537438882e-02	1
90	71	1.43996841525405e-03	3.03601080903985e-02	1
1	76	2.97095212372531e-03	5.70046045456696e-02	1
2	76	2.94468126473244e-03	6.00025381998638e-02	1
3	76	2.91886969487532e-03	5.96606789192238e-02	1
4	76	2.90923583964928e-03	5.74059565822521e-02	1
5	76	2.86930209270239e-03	6.02550844861601e-02	1
6	76	2.86674956214958e-03	6.13345913034786e-02	1
7	76	2.83021674443357e-03	5.63361330041318e-02	1
8	76	2.81643675091693e-03	5.46034536790929e-02	1
9	76	2.78314823170089e-03	5.30826355508971e-02	1
10	76	2.75899841915376e-03	5.40200611262514e-02	1
11	76	2.73978122080964e-03	5.02742090618369e-02	1
12	76	2.70858749442516e-03	5.14319409110895e-02	1
13	76	2.68352926044309e-03	5.57443013233009e-02	1
14	76	2.64987136893791e-03	5.16893522850036e-02	1
15	76	2.62010354776717e-03	5.21096088839264e-02	1
16	76	2.58642516497871e-03	5.39956030072772e-02	1
17	76	2.54404183779973e-03	5.02076116908755e-02	1
18	76	2.51562077333638e-03	4.72573576441941e-02	1
19	76	2.48604814640811e-03	5.06123798413016e-02	1
20	76	2.44323128970390e-03	5.09978033335926e-02	1
21	76	2.41507290473683e-03	5.00876432374082e-02	1
22	76	2.38958783106994e-03	4.98957977163045e-02	1
23	76	2.34842780126691e-03	4.47827940456092e-02	1
24	76	2.31439715479194e-03	4.30211301284132e-02	1
25	76	2.27957907975020e-03	4.43812551353301e-02	1
26	76	2.24134556779773e-03	4.43973722869525e-02	1
27	76	2.20973336205367e-03	4.56925263437574e-02	1
28	76	2.15751320382834e-03	4.40692971863764e-02	1
29	76	2.12236687205627e-03	3.78371439111291e-02	1
30	76	2.08815924129371e-03	4.31660930882013e-02	1
31	76	2.04327353938676e-03	4.39623785130273e-02	1
32	76	2.01404274767360e-03	4.16252320641440e-02	1
33	76	1.97891879965467e-03	3.71854208137895e-02	1
34	76	1.92653818020995e-03	3.72690612879395e-02	1
35	76	1.89724643119865e-03	3.69243793239836e-02	1
36	76	1.84358845035998e-03	3.71247321689169e-02	1
37	76	1.80320011144231e-03	3.72807056331237e-02	1
38	76	1.76299488153546e-03	3.17172093531032e-02	1
39	76	1.74088686536868e-03	3.57048894305857e-02	1
40	76	1.74187811727968e-03	3.32513037756745e-02	1
41	76	1.73469563800014e-03	3.22869237979643e-02	1
42	76	1.72677114334263e-03	3.46308477917803e-02	1
43	76	1.72820638523632e-03	3.58750748892630e-02	1
44	76	1.72423040721086e-03	3.48236667206344e-02	1
45	76	1.70531938924825e-03	3.38831820354593e-02	1
46	76	1.68299613569661e-03	3.28161434880402e-02	1
47	76	1.64501896144923e-03	3.14405998560092e-02	1
48	76	1.61444729981629e-03	3.31905273499037e-02	1
49	76	1.58439559599265e-03	2.99878740674729e-02	1
50	76	1.55620711971377e-03	2.89995381536106e-02	1
51	76	1.52777807636220e-03	2.83680873226627e-02	1
52	76	1.49640829349961e-03	3.14200336957787e-02	1
53	76	1.46612479405060e-03	2.56810501910954e-02	1
54	76	1.43754650118092e-03	2.95184579861993e-02	1
55	76	1.39355373254791e-03	2.90087604241953e-02	1
56	76	1.36454880077305e-03	2.53485203963826e-02	1
57	76	1.33668122501047e-03	2.90207796161735e-02	1
58	76	1.29441383156737e-03	2.69310266605259e-02	1
59	76	1.26082686951489e-03	2.39184053255924e-02	1
60	76	1.21970387674298e-03	2.42174924866301e-02	1
61	76	1.18695498996571e-03	2.67245838443063e-02	1
62	76	1.14141840533635e-03	2.24342149807565e-02	1
63	76	1.09206189407761e-03	2.04831134921278e-02	1
64	76	1.04117422325758e-03	2.01532935255232e-02	1
65	76	9.91891182571879e-04	2.05510166083356e-02	1
66	76	9.40664087227425e-04	1.94126149863844e-02	1
67	76	8.83280267501914e-04	1.82348025051667e-02	1
68	76	8.31059213047703e-04	1.66659063396633e-02	1
69	76	7.66301603504659e-04	1.56759635494179e-02	1
70	76	6.70245099213430e-04	1.31392833577553e-02	1
71	76	5.42069022366428e-04	1.18149480975300e-02	1
72	76	4.40650378861407e-04	8.69654260225418e-03	1
73	76	3.39568987558546e-04	7.04460677577901e-03	1
74	76	2.11787024218601e-04	4.51972503288950e-03	1
75	76	1.11493052113625e-04	2.07371892481037e-03	1
77	76	1.36275832910745e-04	2.42448768173194e-03	1
78	76	2.37989473287310e-04	4.89192008283162e-03	1
79	76	3.38110597841958e-04	6.16482310462549e-03	1
80	76	4.63851795950522e-04	8.04087081917249e-03	1
81	76	5.64907739467375e-04	9.85078175995842e-03	1
82	76	6.92145494468645e-04	1.35576484990249e-02	1
83	76	7.93646846150122e-04	1.48619497511532e-02	1
84	76	8.64070628070729e-04	1.64026442193638e-02	1
85	76	9.33439326757382e-04	1.92627433255078e-02	1
86	76	1.00669338302668e-03	1.93962366067302e-02	1
87	76	1.06400937515877e-03	1.99041243609120e-02	1
88	76	1.12721156605699e-03	2.17202334272439e-02	1
89	76	1.16683286868462e-03	2.15077757179553e-02	1
90	76	1.23325265239495e-03	2.42702228988007e-02	1
1	81	3.03994581531840e-03	5.98934848242636e-02	1
2	81	3.01367495632552e-03	5.79231912128907e-02	1
3	81	2.98786338646841e-03	6.06038147562712e-02	1
4	81	2.97822953124237e-03	5.57964330414728e-02	1
5	81	2.93829578429548e-03	5.88037695361085e-02	1
6	81	2.93574325374266e-03	6.23572625043670e-02	1
7	81	2.89921043602666e-03	6.10960619771286e-02	1
8	81	2.88543044251002e-03	6.44596776261378e-02	1
9	81	2.85214192329398e-03	4.86294112640850e-02	1
10	81	2.82799211074685e-03	6.16309608354412e-02	1
11	81	2.80877491240273e-03	5.42910391896401e-02	1
12	81	2.77828539185825e-03	4.78026044912126e-02	1
13	81	2.75429003495185e-03	5.77808441268333e-02	1
14	81	2.72338209347705e-03	5.78267430285185e-02	1
15	81	2.70058589864340e-03	5.51758574674695e-02	1
16	81	2.66986646035691e-03	4.92747613707353e-02	1
17	81	2.63406922843813e-03	5.44662770430136e-02	1
18	81	2.60948073162576e-03	5.13753296627048e-02	1
19	81	2.58011079239620e-03	5.18377856915365e-02	1
20	81	2.53890788435006e-03	5.19279361045286e-02	1
21	81	2.51074949938299e-03	4.83107970817512e-02	1
22	81	2.48526442571610e-03	4.81008897544417e-02	1
23	81	2.44556151463247e-03	5.30231439185472e-02	1
24	81	2.41170433875715e-03	5.12001313145576e-02	1
25	81	2.37688626371541e-03	4.92159218069933e-02	1
26	81	2.34014131954797e-03	5.09912231403393e-02	1
27	81	2.31136874506222e-03	4.59715893598030e-02	1
28	81	2.25986552965564e-03	4.39921600040358e-02	1
29	81	2.22471919788357e-03	4.99942555024280e-02	1
30	81	2.19051156712101e-03	4.57263034754822e-02	1
31	81	2.14562586521406e-03	4.68741011178889e-02	1
32	81	2.11639507350090e-03	4.31704443240478e-02	1
33	81	2.08174022908924e-03	4.08192998817148e-02	1
34	81	2.02935960964452e-03	3.94865829561404e-02	1
35	81	2.00006786063323e-03	3.89714459451292e-02	1
36	81	1.94671096285259e-03	3.89734908307229e-02	1
37	81	1.90632262393492e-03	3.66902796175192e-02	1
38	81	1.86611739402806e-03	3.56920033954253e-02	1
39	81	1.84400937786129e-03	3.84264963135427e-02	1
40	81	1.84500062977229e-03	3.37767266222214e-02	1
41	81	1.83781815049274e-03	3.87287727657543e-02	1
42	81	1.83166661299135e-03	3.57349130561593e-02	1
43	81	1.83323452468965e-03	3.64289767447870e-02	1
44	81	1.83033722428044e-03	3.94805548255411e-02	1
45	81	1.81893166767123e-03	3.57448167891517e-02	1
46	81	1.81649406041346e-03	3.69853716147130e-02	1
47	81	1.81337584701093e-03	3.64842238571154e-02	1
48	81	1.79483488417255e-03	3.64642341664913e-02	1
49	81	1.76990883162830e-03	3.44520118071802e-02	1
50	81	1.74509131951295e-03	3.36106916349778e-02	1
51	81	1.72031551553497e-03	3.43405889068921e-02	1
52	81	1.69327756329121e-03	3.24124940797819e-02	1
53	81	1.66513512997835e-03	3.17771263041794e-02	1
54	81	1.64010197713908e-03	2.98034328789140e-02	1
55	81	1.60328708179175e-03	3.21579566880058e-02	1
56	81	1.57709156260022e-03	3.01073540723154e-02	1
57	81	1.55396998125322e-03	3.34218496628551e-02	1
58	81	1.51478843026087e-03	2.92545296793128e-02	1
59	81	1.48623476665306e-03	3.00466994039372e-02	1
60	81	1.45132382578240e-03	2.98627410777799e-02	1
61	81	1.41998874494880e-03	2.86953894277556e-02	1
62	81	1.37691567005833e-03	2.81654204833281e-02	1
63	81	1.33288346528029e-03	2.59039749787595e-02	1
64	81	1.28769179311608e-03	2.56552687309649e-02	1
65	81	1.23864995323031e-03	2.32429507168094e-02	1
66	81	1.19082490401233e-03	2.32903052581500e-02	1
67	81	1.13652335487864e-03	2.13471993843715e-02	1
68	81	1.09984715102082e-03	2.14327231351323e-02	1
69	81	1.05183607891020e-03	2.12392385176677e-02	1
70	81	9.99107875041365e-04	1.94709190373839e-02	1
71	81	9.50576129270668e-04	1.95787193393449e-02	1
72	81	8.95735987402778e-04	1.68376250946176e-02	1
73	81	8.43128357041511e-04	1.73449676403116e-02	1
74	81	7.66694763685975e-04	1.60319177538498e-02	1
75	81	6.66400791580999e-04	1.22360753038667e-02	1
76	81	5.64907739467374e-04	1.00773816371625e-02	1
77	81	4.38631906556630e-04	8.76139388642046e-03	1
78	81	3.36918266180064e-04	6.06287362680983e-03	1
79	81	2.36797141625416e-04	4.61725341219558e-03	1
80	81	1.11055943516853e-04	1.88592527626412e-03	1
82	81	1.37237755001270e-04	2.61990722425892e-03	1
83	81	2.38739106682748e-04	4.55378575224788e-03	1
84	81	3.41780525058526e-04	6.94940364651949e-03	1
85	81	4.71440076359276e-04	8.88329234281254e-03	1
86	81	5.74922082111909e-04	1.23399344502814e-02	1
87	81	6.77651046175936e-04	1.31446101458010e-02	1
88	81	8.08411204919431e-04	1.53052246782752e-02	1
89	81	8.93324990905578e-04	1.80275902971982e-02	1
90	81	9.77275516994634e-04	1.86612150869396e-02	1
1	86	3.13064254818562e-03	6.29479731142651e-02	1
2	86	3.10437168919274e-03	5.89020872815262e-02	1
3	86	3.07856011933563e-03	6.35977503097330e-02	1
4	86	3.06892626410958e-03	6.78518408336198e-02	1
5	86	3.02899251716269e-03	6.46801246776634e-02	1
6	86	3.02643998660988e-03	5.81987834103024e-02	1
7	86	2.98990716889388e-03	6.02550151155314e-02	1
8	86	2.97612717537724e-03	6.41425278374016e-02	1
9	86	2.94283865616119e-03	5.84384552959626e-02	1
10	86	2.91868884361407e-03	5.57391702535005e-02	1
11	86	2.89947164526995e-03	5.80248715503873e-02	1
12	86	2.86898212472547e-03	6.22297907200925e-02	1
13	86	2.84498676781907e-03	5.82610812708953e-02	1
14	86	2.81407882634427e-03	5.91607612992097e-02	1
15	86	2.79128263151062e-03	5.88803531285939e-02	1
16	86	2.76056319322413e-03	5.72668597459949e-02	1
17	86	2.72476596130535e-03	5.02358258892113e-02	1
18	86	2.70302647621535e-03	5.41321421423426e-02	1
19	86	2.67631738821744e-03	5.89096951520072e-02	1
20	86	2.63767583029128e-03	5.36392433690558e-02	1
21	86	2.61370625652183e-03	4.88133243732543e-02	1
22	86	2.58822118285494e-03	4.55193439270220e-02	1
23	86	2.55342559143691e-03	4.79173315323171e-02	1
24	86	2.52337283220541e-03	5.14690339990742e-02	1
25	86	2.49435007664694e-03	4.81262794936107e-02	1
26	86	2.46070796457401e-03	4.85174411759914e-02	1
27	86	2.43285513146309e-03	4.47455105331362e-02	1
28	86	2.38506021892208e-03	4.27191259565681e-02	1
29	86	2.35010193936834e-03	4.47012149749517e-02	1
30	86	2.31589915103854e-03	4.54540877389205e-02	1
31	86	2.27164830067709e-03	4.50639772311450e-02	1
32	86	2.24267014417547e-03	4.46565627323139e-02	1
33	86	2.20944989033577e-03	4.46893494611238e-02	1
34	86	2.15871082901855e-03	4.24672275307657e-02	1
35	86	2.12941908000726e-03	4.46288593185119e-02	1
36	86	2.07834311236167e-03	4.14177133367414e-02	1
37	86	2.03795477344400e-03	4.44343163961501e-02	1
38	86	1.99830907472953e-03	3.90717244824721e-02	1
39	86	1.97707177333643e-03	3.95481703727923e-02	1
40	86	1.97806302524743e-03	4.25069124819247e-02	1
41	86	1.97088054596788e-03	3.85665504574169e-02	1
42	86	1.96547057499842e-03	3.76910179188412e-02	1
43	86	1.96703848669672e-03	3.73295255800958e-02	1
44	86	1.96414118628751e-03	3.86367559168462e-02	1
45	86	1.95273562967831e-03	3.86809089716197e-02	1
46	86	1.95029802242053e-03	3.74251410150190e-02	1
47	86	1.94730574883592e-03	4.03697871600578e-02	1
48	86	1.94651881494340e-03	3.85585117834157e-02	1
49	86	1.94146283611292e-03	4.07192199505161e-02	1
50	86	1.93954743369826e-03	3.74216880964257e-02	1
51	86	1.92675037052127e-03	3.79388231773934e-02	1
52	86	1.90478562729442e-03	3.84981531300622e-02	1
53	86	1.87889300961862e-03	3.94185880068730e-02	1
54	86	1.85880501326555e-03	3.84801603820832e-02	1
55	86	1.82609664181887e-03	3.67656216175645e-02	1
56	86	1.80828970572236e-03	3.71598351657500e-02	1
57	86	1.78589302566675e-03	3.67568779444958e-02	1
58	86	1.75038326759488e-03	3.65527594745284e-02	1
59	86	1.72355359080848e-03	3.65290470149322e-02	1
60	86	1.69512571384867e-03	3.55979742504808e-02	1
61	86	1.66509078853566e-03	3.45238639590134e-02	1
62	86	1.62404256348328e-03	3.09865048297442e-02	1
63	86	1.58285112064628e-03	3.18059396146693e-02	1
64	86	1.54445742387121e-03	2.98818435186314e-02	1
65	86	1.49677839160393e-03	3.01067024153993e-02	1
66	86	1.45559930599734e-03	2.78020984003325e-02	1
67	86	1.40454765454638e-03	3.08559994816976e-02	1
68	86	1.36949062571439e-03	2.47678118180840e-02	1
69	86	1.32525441862027e-03	2.55064473567834e-02	1
70	86	1.27612402525697e-03	2.67024548054493e-02	1
71	86	1.22921201738302e-03	2.39298110712868e-02	1
72	86	1.18632805655275e-03	2.39162436286480e-02	1
73	86	1.14237625014994e-03	1.97933119344053e-02	1
74	86	1.09225643866753e-03	2.24716392469902e-02	1
75	86	1.05553311150044e-03	2.03316083428960e-02	1
76	86	1.00669338302668e-03	2.09640458674482e-02	1
77	86	9.49292829527358e-04	1.72124575747041e-02	1
78	86	8.92622147908811e-04	1.78646301635752e-02	1
79	86	8.01719223737325e-04	1.57834513470123e-02	1
80	86	6.75978025628762e-04	1.36820848522582e-02	1
81	86	5.74922082111909e-04	1.15673701408290e-02	1
82	86	4.47684327110639e-04	8.50105911531850e-03	1
83	86	3.46182975429161e-04	6.37957873888031e-03	1
84	86	2.43141557053383e-04	4.57711181768692e-03	1
85	86	1.13482005752633e-04	2.21010972394710e-03	1
87	86	1.12728964064028e-04	2.15758261798551e-03	1
88	86	2.43489122807522e-04	4.48086988003888e-03	1
89	86	3.47459352406943e-04	6.96171841400864e-03	1
90	86	4.78226480572286e-04	9.35839883859256e-03	1
0
