72
# x y z
15.13128706574	1614.4322151815	0
15.971914125263	1614.2480817522	0
17.092750204309	1614.0017802685	0
17.933377262895	1613.8896490494	0
19.054213341941	1613.6640943179	0
19.894840401464	1613.4531806812	0
21.01567648051	1613.2017060473	0
22.136512559555	1613.0209612165	0
22.977139618163	1612.7839906162	0
24.097975697208	1612.4704513359	0
24.938602756711	1612.2799935018	0
26.059438835756	1612.0233888554	0
26.900065894364	1611.8127028387	0
28.020901973409	1611.4935477121	0
28.861529032912	1611.2661169525	0
29.982365111957	1610.9320909696	0
31.103201191003	1610.6332943565	0
31.94382824961	1610.3988909041	0
33.064664328656	1610.025215627	0
33.905291388159	1609.6969226656	0
35.026127467204	1609.273055992	0
35.866754526728	1608.9762645137	0
36.987590604857	1608.6083213405	0
38.108426683902	1608.2923235213	0
38.949053743405	1607.9791718677	0
40.069889822451	1607.5638687784	0
40.910516881974	1607.2027089205	0
42.031352960103	1606.7101178852	0
42.871980019606	1606.3922779973	0
43.992816098652	1605.8915568952	0
45.113652177718	1605.5141987047	0
45.954279237221	1605.2987675488	0
47.07511531535	1605.1190249794	0
47.915742374874	1605.5260009765	0
49.036578453919	1606.3123136821	0
49.877205513422	1606.6963135379	0
50.998041592467	1607.274444045	0
52.118877670596	1608.0306414839	0
52.95950473012	1608.5139866878	0
54.080340809166	1609.1804639773	0
54.920967868668	1609.5609066613	0
56.041803947714	1610.221126547	0
56.882431006321	1610.673374109	0
58.003267085367	1611.3347461671	0
59.124103164412	1612.0321219308	0
59.964730223915	1612.5118527521	0
61.08556630296	1613.134070834	0
61.926193361568	1613.5942860079	0
63.047029440613	1614.1662248883	0
63.887656500116	1614.5491071429	0
65.008492579161	1615.2045999399	0
66.129328658207	1615.8033413614	0
66.969955716814	1616.2616465479	0
68.09079179586	1616.764310679	0
68.931418855383	1617.1658761161	0
70.052254934429	1617.656704016	0
70.892881993015	1617.9890029638	0
72.013718072061	1618.5044395044	0
73.134554151106	1618.9392016417	0
73.97518121063	1619.4065547169	0
75.096017289675	1619.7860661175	0
75.936644348262	1620.0922625165	0
77.057480427307	1620.5294926769	0
77.898107486831	1620.8283593505	0
79.018943565876	1621.1782520266	0
80.139779644922	1621.5498573094	0
80.980406703508	1621.8616524219	0
82.101242782554	1622.2570103236	0
82.941869842078	1622.6144373996	0
84.062705921123	1622.9506321957	0
84.903332980626	1623.1735509429	0
86.024169058755	1623.4939937733	0
1065
# g s err t valid 
2	1	1.00234220858672e-04	1.89083012760782e-03	1
3	1	2.20384714217506e-04	4.20249343900312e-03	1
4	1	3.09167223954526e-04	5.90943233643939e-03	1
5	1	4.28859854748732e-04	8.03585631993856e-03	1
6	1	5.19471323683689e-04	1.06738010345493e-02	1
7	1	6.39658249301708e-04	1.17170151237777e-02	1
8	1	7.38438910148116e-04	1.46648810616979e-02	1
9	1	7.72065097360361e-04	1.51406684322059e-02	1
10	1	8.21965711837688e-04	1.66247956737696e-02	1
11	1	8.51232999237280e-04	1.88588167345449e-02	1
12	1	8.99044408435000e-04	1.88787812850830e-02	1
13	1	9.40208983176775e-04	1.88874014982582e-02	1
14	1	9.68691229033172e-04	1.85677967312598e-02	1
15	1	9.93084143992784e-04	1.95170996551271e-02	1
16	1	1.02951534804970e-03	2.08159297837216e-02	1
17	1	1.05848511194379e-03	2.08535218111140e-02	1
18	1	1.08142139370079e-03	2.19013513316948e-02	1
19	1	1.11172110978257e-03	2.12515654560167e-02	1
20	1	1.13518872522243e-03	2.27220501680946e-02	1
21	1	1.16625626351741e-03	2.38214149308181e-02	1
22	1	1.18521165978660e-03	2.18259694126026e-02	1
23	1	1.21644420345754e-03	2.38257201771185e-02	1
24	1	1.25081024614365e-03	2.56188625716703e-02	1
25	1	1.27168970516355e-03	2.38630562334636e-02	1
26	1	1.30487148458633e-03	2.75629149142158e-02	1
27	1	1.32252294628055e-03	2.75447560431899e-02	1
28	1	1.35160106808829e-03	2.66766692229505e-02	1
29	1	1.37313113525082e-03	2.69517673605743e-02	1
30	1	1.39775333679100e-03	2.92871217378862e-02	1
31	1	1.42270240900221e-03	2.98566718698876e-02	1
32	1	1.43775826641191e-03	2.61895624403980e-02	1
33	1	1.45933208141227e-03	2.72646522840527e-02	1
34	1	1.49546049172795e-03	3.37529319194140e-02	1
35	1	1.54716621514123e-03	2.94056293561066e-02	1
36	1	1.57522066033646e-03	3.23329755596145e-02	1
37	1	1.61217800335836e-03	3.15289329752190e-02	1
38	1	1.66005720879316e-03	3.40935589887031e-02	1
39	1	1.68643288019660e-03	3.21374639166147e-02	1
40	1	1.72868489825405e-03	3.50609408643512e-02	1
41	1	1.75154611493321e-03	3.38514602157676e-02	1
42	1	1.79648973679109e-03	3.27138645334212e-02	1
43	1	1.82603587862543e-03	4.01532828528597e-02	1
44	1	1.87320040266709e-03	3.62864669496903e-02	1
45	1	1.91111037766111e-03	4.14103564750595e-02	1
46	1	1.94950087142302e-03	4.31182577113892e-02	1
47	1	1.98261740164519e-03	3.84235594917437e-02	1
48	1	2.00502399950802e-03	3.88735555670128e-02	1
49	1	2.03849616384840e-03	4.44922035883213e-02	1
50	1	2.06334208126800e-03	4.12340508036831e-02	1
51	1	2.09600764133109e-03	4.65234613679326e-02	1
52	1	2.13950653722816e-03	3.94166197430882e-02	1
53	1	2.16424985016461e-03	4.51112686476329e-02	1
54	1	2.19657754150735e-03	4.19935055452204e-02	1
55	1	2.22432284069296e-03	4.66901160829755e-02	1
56	1	2.26044933278917e-03	4.57593131560080e-02	1
57	1	2.28775336656248e-03	4.64452766091842e-02	1
58	1	2.32048843840295e-03	4.91794896556854e-02	1
59	1	2.34897743103249e-03	4.23357666871028e-02	1
60	1	2.38179542199934e-03	4.90859742266749e-02	1
61	1	2.40726599998726e-03	4.92246677246496e-02	1
62	1	2.42258004012877e-03	4.93669721406653e-02	1
63	1	2.45498663434805e-03	4.69758049241343e-02	1
64	1	2.47434016324117e-03	4.85720879385268e-02	1
65	1	2.49643342085016e-03	4.62130842592853e-02	1
66	1	2.51111007022474e-03	5.05253913975418e-02	1
67	1	2.52309266311279e-03	4.89184074080344e-02	1
68	1	2.54601821379824e-03	5.30950602336852e-02	1
69	1	2.56367160525509e-03	5.03300692782533e-02	1
70	1	2.58285056386009e-03	4.96542922650883e-02	1
71	1	2.59119646799128e-03	5.57609742348017e-02	1
72	1	2.60701297084841e-03	5.06323696778153e-02	1
1	6	5.19471323683689e-04	9.72523813093581e-03	1
2	6	4.29237102825018e-04	8.71340383290773e-03	1
3	6	3.09086609466183e-04	5.74856318320210e-03	1
4	6	2.20304099729164e-04	4.28817416749654e-03	1
5	6	1.00611468934957e-04	1.63409672903772e-03	1
7	6	1.30186925618019e-04	2.28597042853376e-03	1
8	6	2.48968351058385e-04	4.81098132420604e-03	1
9	6	3.40483239806122e-04	6.79246201903486e-03	1
10	6	4.62016535979999e-04	8.38771345064891e-03	1
11	6	5.52023700838897e-04	1.12786067527677e-02	1
12	6	6.41527163332223e-04	1.29831786967651e-02	1
13	6	6.82691738073998e-04	1.28141031368308e-02	1
14	6	7.22059812503467e-04	1.44137853089480e-02	1
15	6	7.59180435481862e-04	1.44001664578058e-02	1
16	6	8.03203622708008e-04	1.55774256863996e-02	1
17	6	8.35537240007707e-04	1.66732085991613e-02	1
18	6	8.58473521764711e-04	1.81303540457524e-02	1
19	6	8.89204077905979e-04	1.80717555317447e-02	1
20	6	9.13176760553565e-04	1.78006772236161e-02	1
21	6	9.47046061501981e-04	1.75135727634258e-02	1
22	6	9.71115005012826e-04	1.86664530067668e-02	1
23	6	1.00320400179345e-03	2.04092683943031e-02	1
24	6	1.03904879187858e-03	2.10777118127332e-02	1
25	6	1.06249941441352e-03	2.13390285855863e-02	1
26	6	1.09684577652441e-03	2.18990119119546e-02	1
27	6	1.11519907004408e-03	2.20030706841581e-02	1
28	6	1.14648390909818e-03	2.29726429839023e-02	1
29	6	1.16885122061972e-03	2.41847220698427e-02	1
30	6	1.19841675558116e-03	2.21392258455959e-02	1
31	6	1.23021160443499e-03	2.28509357291451e-02	1
32	6	1.25791996573555e-03	2.71040289557722e-02	1
33	6	1.29580463846565e-03	2.56505279064247e-02	1
34	6	1.34190796943032e-03	2.77397436812334e-02	1
35	6	1.40349884614410e-03	3.05490584857803e-02	1
36	6	1.43166656960138e-03	2.69701088927473e-02	1
37	6	1.46862391262328e-03	2.82187138845927e-02	1
38	6	1.51770363363085e-03	3.06578901540259e-02	1
39	6	1.54407930503430e-03	3.00198896675113e-02	1
40	6	1.58633132309174e-03	3.22799407465161e-02	1
41	6	1.60919253977091e-03	3.43921342038039e-02	1
42	6	1.65413616162879e-03	3.09417951976228e-02	1
43	6	1.68368230346312e-03	3.37536500728810e-02	1
44	6	1.73084682750478e-03	3.95710999806646e-02	1
45	6	1.76875680249881e-03	3.32355454590487e-02	1
46	6	1.80714729626072e-03	3.51760451000234e-02	1
47	6	1.84026382648288e-03	3.80658350257497e-02	1
48	6	1.86267042434571e-03	3.84211311224711e-02	1
49	6	1.89614258868609e-03	3.69349612631103e-02	1
50	6	1.92098850610570e-03	3.88250042216157e-02	1
51	6	1.95365406616879e-03	3.86770528527304e-02	1
52	6	1.99715296206585e-03	3.55283121480906e-02	1
53	6	2.02189627500230e-03	3.79894390540510e-02	1
54	6	2.05422396634504e-03	3.79603416791193e-02	1
55	6	2.08196926553065e-03	4.79056619983104e-02	1
56	6	2.11809575762687e-03	4.30664401902755e-02	1
57	6	2.14539979140018e-03	4.39393570161825e-02	1
58	6	2.17813486324064e-03	4.01372471318738e-02	1
59	6	2.20843768337398e-03	4.42615277553747e-02	1
60	6	2.24187008958905e-03	4.50602975986107e-02	1
61	6	2.26734066757698e-03	4.15913813104905e-02	1
62	6	2.28265470771849e-03	4.30832755367248e-02	1
63	6	2.31506130193777e-03	4.51453736441186e-02	1
64	6	2.33441483083089e-03	4.25786938975821e-02	1
65	6	2.35650808843988e-03	4.78105939864260e-02	1
66	6	2.37118473781446e-03	4.98524195415515e-02	1
67	6	2.38316733070251e-03	4.57380725544454e-02	1
68	6	2.40638334903455e-03	4.99333341524585e-02	1
69	6	2.42502767364331e-03	4.89110731594230e-02	1
70	6	2.44470485091550e-03	4.90929979137779e-02	1
71	6	2.45403504664761e-03	4.93815750914652e-02	1
72	6	2.47017468579862e-03	4.78042586505049e-02	1
1	11	8.51232999237280e-04	1.71058021560176e-02	1
2	11	8.09285247490413e-04	1.73088418007386e-02	1
3	11	7.44774274003339e-04	1.44894103429606e-02	1
4	11	7.06537324196489e-04	1.33766519722117e-02	1
5	11	6.37847648898323e-04	1.29330719444856e-02	1
6	11	5.52023700838897e-04	1.12836658479217e-02	1
7	11	4.31836775220879e-04	8.91708994363833e-03	1
8	11	3.13055349780513e-04	6.31092845102078e-03	1
9	11	2.21540461032776e-04	4.16524750011570e-03	1
10	11	1.00007164858898e-04	1.71463331193783e-03	1
12	11	1.30126406944520e-04	2.59123607348704e-03	1
13	11	2.20458326195608e-04	4.50913570704446e-03	1
14	11	3.41955694280544e-04	6.61668168820901e-03	1
15	11	4.32693051264343e-04	8.73151394704695e-03	1
16	11	5.32680978295871e-04	1.05618224875632e-02	1
17	11	5.88781374605253e-04	1.16646259322308e-02	1
18	11	6.22917973058902e-04	1.32768014661279e-02	1
19	11	6.61570475447976e-04	1.33573629643573e-02	1
20	11	6.85543158095562e-04	1.28353911288821e-02	1
21	11	7.19412459043977e-04	1.34578486458220e-02	1
22	11	7.44203640321509e-04	1.39310587565648e-02	1
23	11	7.80762020420744e-04	1.44428393679828e-02	1
24	11	8.18741775650688e-04	1.67983339919374e-02	1
25	11	8.42795177418607e-04	1.58067777563788e-02	1
26	11	8.79588994914887e-04	1.81185928793931e-02	1
27	11	9.00811399828062e-04	1.81372572717881e-02	1
28	11	9.33785702387902e-04	1.62665562415799e-02	1
29	11	9.58202247711536e-04	1.74020844009165e-02	1
30	11	9.90899300953074e-04	2.05003263552742e-02	1
31	11	1.02269414980691e-03	1.87856976917853e-02	1
32	11	1.05300669958873e-03	2.17403551991952e-02	1
33	11	1.09702118092261e-03	2.09172094541175e-02	1
34	11	1.14471100112246e-03	2.08136571080167e-02	1
35	11	1.20630187783624e-03	2.27765068106248e-02	1
36	11	1.24329958563971e-03	2.30211674826347e-02	1
37	11	1.29688427462461e-03	2.55954055958399e-02	1
38	11	1.35464656125112e-03	2.99178535574454e-02	1
39	11	1.39423689574348e-03	2.72841880659402e-02	1
40	11	1.44630392586318e-03	2.94991162597146e-02	1
41	11	1.46950684672262e-03	2.92425503330564e-02	1
42	11	1.51445046858050e-03	3.17676464589189e-02	1
43	11	1.54443555103141e-03	3.13035255371548e-02	1
44	11	1.59222577989602e-03	3.16973979943671e-02	1
45	11	1.63214654482229e-03	3.04102584836754e-02	1
46	11	1.67110388578826e-03	3.15884500108280e-02	1
47	11	1.70553423001349e-03	3.09238501026494e-02	1
48	11	1.72794082787632e-03	3.39061799741157e-02	1
49	11	1.76141299221670e-03	3.36407504642115e-02	1
50	11	1.78625890963631e-03	3.79453996053983e-02	1
51	11	1.81892446969940e-03	3.57916969598430e-02	1
52	11	1.86242336559646e-03	3.95798976337703e-02	1
53	11	1.88716667853291e-03	3.59963993456166e-02	1
54	11	1.91949436987565e-03	3.69369751035978e-02	1
55	11	1.94723966906126e-03	4.26641416369268e-02	1
56	11	1.98336616115748e-03	4.19807205145275e-02	1
57	11	2.01067019493079e-03	3.98312952640452e-02	1
58	11	2.04340526677125e-03	4.15532431272024e-02	1
59	11	2.07370808690459e-03	3.95737970925285e-02	1
60	11	2.10780383437459e-03	4.53054633580541e-02	1
61	11	2.13327441236252e-03	4.61179320779280e-02	1
62	11	2.14858845250403e-03	4.28293607467558e-02	1
63	11	2.18099504672331e-03	4.00696811064230e-02	1
64	11	2.20034857561643e-03	4.34372835830976e-02	1
65	11	2.22244183322542e-03	4.55511854427902e-02	1
66	11	2.23711848260000e-03	4.24396947576293e-02	1
67	11	2.24910107548805e-03	4.35363975874938e-02	1
68	11	2.27231709382009e-03	4.47617064727223e-02	1
69	11	2.29096141842885e-03	4.40155063707182e-02	1
70	11	2.31063859570104e-03	4.78785846149346e-02	1
71	11	2.31996879143315e-03	4.69549025421644e-02	1
72	11	2.33610843058416e-03	4.85892154302624e-02	1
1	16	1.02951534804970e-03	1.98765515086804e-02	1
2	16	9.91138927141759e-04	1.94005696211677e-02	1
3	16	9.38358822508630e-04	1.81833671478933e-02	1
4	16	9.04177736508530e-04	1.74683149972218e-02	1
5	16	8.50502898754809e-04	1.61300690168180e-02	1
6	16	8.03203622708009e-04	1.59896034056273e-02	1
7	16	7.47471667034339e-04	1.38479496816232e-02	1
8	16	6.93517630670899e-04	1.35187284475317e-02	1
9	16	6.50739475218347e-04	1.27526998584253e-02	1
10	16	5.83261720062921e-04	1.12754270451058e-02	1
11	16	5.32680978295871e-04	1.09207418564635e-02	1
12	16	4.34348096434110e-04	8.25711679358753e-03	1
13	16	3.44016177183023e-04	6.80147717915759e-03	1
14	16	2.22518809098086e-04	4.03490532967517e-03	1
15	16	1.31781452114287e-04	2.51325340214126e-03	1
17	16	1.30703308725842e-04	2.40140840087550e-03	1
18	16	2.21417310590707e-04	4.15053817583175e-03	1
19	16	3.43722332980451e-04	6.89239588765317e-03	1
20	16	4.22047590297942e-04	7.85947353909724e-03	1
21	16	4.74675982278866e-04	9.24845333025023e-03	1
22	16	5.11777261205506e-04	1.00995124409256e-02	1
23	16	5.50836854035388e-04	1.00558674884207e-02	1
24	16	5.88816609265331e-04	1.10401796431091e-02	1
25	16	6.12870011033250e-04	1.19677096568559e-02	1
26	16	6.49663828529531e-04	1.34172939465588e-02	1
27	16	6.71966798136187e-04	1.20945809439672e-02	1
28	16	7.06839728902588e-04	1.32993924552897e-02	1
29	16	7.34485429419601e-04	1.43169519971200e-02	1
30	16	7.72740165612777e-04	1.54519225098014e-02	1
31	16	8.09112986352920e-04	1.57470427683145e-02	1
32	16	8.40091275387211e-04	1.65208211988288e-02	1
33	16	8.85346541655461e-04	1.82480688366074e-02	1
34	16	9.33533407958077e-04	1.78113738381864e-02	1
35	16	9.95124284671860e-04	1.90445639354480e-02	1
36	16	1.03212199247533e-03	2.10563095136454e-02	1
37	16	1.08570668146023e-03	2.14084937401616e-02	1
38	16	1.14346896808674e-03	2.08449941573860e-02	1
39	16	1.18305930257910e-03	2.44976995241420e-02	1
40	16	1.23792429760804e-03	2.45784188287076e-02	1
41	16	1.27370927466801e-03	2.40969315444135e-02	1
42	16	1.33713255480084e-03	2.65496170234960e-02	1
43	16	1.37873322372298e-03	2.66363157929601e-02	1
44	16	1.43584543873544e-03	2.81006461517913e-02	1
45	16	1.47739581943780e-03	2.86797767714153e-02	1
46	16	1.51635316040376e-03	3.08183167952160e-02	1
47	16	1.55613378566222e-03	3.12422160227663e-02	1
48	16	1.58375688774487e-03	3.08628032847724e-02	1
49	16	1.61722905208525e-03	3.08628675794856e-02	1
50	16	1.64207496950485e-03	3.21474919123611e-02	1
51	16	1.67474052956794e-03	3.30320344678113e-02	1
52	16	1.71823942546500e-03	3.32824999616308e-02	1
53	16	1.74298273840145e-03	3.48088984830596e-02	1
54	16	1.77531042974420e-03	3.53665528464957e-02	1
55	16	1.80305572892980e-03	3.55884058109631e-02	1
56	16	1.83918222102602e-03	3.46868319214110e-02	1
57	16	1.86648625479933e-03	3.40046332939808e-02	1
58	16	1.89922132663980e-03	3.87187121699602e-02	1
59	16	1.92952414677313e-03	3.34151667055962e-02	1
60	16	1.96548820902464e-03	3.79133078756172e-02	1
61	16	1.99172677139996e-03	4.01110323893504e-02	1
62	16	2.00704081154147e-03	3.92971719645897e-02	1
63	16	2.04119445857662e-03	3.93522505887308e-02	1
64	16	2.06088733706931e-03	3.97450318711616e-02	1
65	16	2.08308898796803e-03	4.19341840840142e-02	1
66	16	2.09789709054723e-03	3.76545707234963e-02	1
67	16	2.10987968343529e-03	4.08302796568602e-02	1
68	16	2.13309570176733e-03	4.48803091756605e-02	1
69	16	2.15174002637609e-03	4.59560049339186e-02	1
70	16	2.17141720364828e-03	4.56083727174407e-02	1
71	16	2.18135824553058e-03	4.58813482397628e-02	1
72	16	2.19749788468159e-03	4.43770935371256e-02	1
1	21	1.16625626351741e-03	2.32200201843145e-02	1
2	21	1.12787984260947e-03	2.18214591005749e-02	1
3	21	1.07823521185121e-03	2.16501649841709e-02	1
4	21	1.04465632189690e-03	2.12479913490120e-02	1
5	21	9.90981484143176e-04	1.95588166412916e-02	1
6	21	9.47046061501981e-04	1.76414682789532e-02	1
7	21	8.97460748264010e-04	1.84402309632990e-02	1
8	21	8.55246189290175e-04	1.60611411068078e-02	1
9	21	8.14039073822042e-04	1.71392521743538e-02	1
10	21	7.60221681273997e-04	1.58328158191932e-02	1
11	21	7.19412459043977e-04	1.58022294497066e-02	1
12	21	6.68598712008999e-04	1.23524682118920e-02	1
13	21	6.29772349382494e-04	1.26310720176378e-02	1
14	21	5.80476710773629e-04	1.17016111309642e-02	1
15	21	5.36556434932089e-04	1.06019150623767e-02	1
16	21	4.74675982278866e-04	9.20974457135210e-03	1
17	21	4.05581400150031e-04	8.33924724279755e-03	1
18	21	3.49566368384006e-04	6.97382744731728e-03	1
19	21	2.27261345994262e-04	4.46096158161444e-03	1
20	21	1.33900740099328e-04	2.42516908905518e-03	1
22	21	1.01868444002579e-04	1.90781616887261e-03	1
23	21	2.23417974145387e-04	3.97860478929326e-03	1
24	21	3.32449672067848e-04	6.44683909315789e-03	1
25	21	3.63150109609710e-04	7.26517378147884e-03	1
26	21	4.14258541287544e-04	8.00336009055401e-03	1
27	21	4.36561510894201e-04	9.07118724412149e-03	1
28	21	4.71434441660601e-04	9.08398618582367e-03	1
29	21	4.99080142177615e-04	1.05676236937094e-02	1
30	21	5.38267222425729e-04	1.02345933775370e-02	1
31	21	5.77006089909288e-04	1.11761368806052e-02	1
32	21	6.09571369541090e-04	1.21948686837722e-02	1
33	21	6.56835383630383e-04	1.24424518393559e-02	1
34	21	7.05133212173521e-04	1.38293115922655e-02	1
35	21	7.66724088887304e-04	1.63082992719934e-02	1
36	21	8.03721796690778e-04	1.70022775286673e-02	1
37	21	8.57306485675678e-04	1.69760265404795e-02	1
38	21	9.15068772302182e-04	1.90287469838333e-02	1
39	21	9.54659106794542e-04	2.06838938375225e-02	1
40	21	1.00952410182348e-03	2.00345909825147e-02	1
41	21	1.04530907888346e-03	1.90560015297187e-02	1
42	21	1.10873235901628e-03	2.13922541789638e-02	1
43	21	1.15036047194488e-03	2.40784094972546e-02	1
44	21	1.21301817422184e-03	2.49597413988367e-02	1
45	21	1.26445868719045e-03	2.46964138244837e-02	1
46	21	1.31261939256157e-03	2.48526253629709e-02	1
47	21	1.36136168182762e-03	2.70536953617845e-02	1
48	21	1.39920217614366e-03	2.81231559560128e-02	1
49	21	1.44714843534080e-03	2.94783761208615e-02	1
50	21	1.47314192505447e-03	2.90981972817794e-02	1
51	21	1.50580748511756e-03	2.76319097674864e-02	1
52	21	1.54973502469785e-03	3.03670118293901e-02	1
53	21	1.57447833763430e-03	3.07809708747942e-02	1
54	21	1.60680602897704e-03	3.14627419966211e-02	1
55	21	1.63455132816265e-03	3.17699525723443e-02	1
56	21	1.67067782025886e-03	3.35583181792016e-02	1
57	21	1.69798185403217e-03	3.59683843434611e-02	1
58	21	1.73071692587264e-03	3.27730467763492e-02	1
59	21	1.76254596689626e-03	3.22171087992848e-02	1
60	21	1.79851002914777e-03	3.55854145800078e-02	1
61	21	1.82693468380843e-03	3.62161437495149e-02	1
62	21	1.84224872394994e-03	3.81687790385700e-02	1
63	21	1.87640237098508e-03	3.74195727729574e-02	1
64	21	1.89609524947777e-03	3.72846583819054e-02	1
65	21	1.91829690037650e-03	4.06946101365437e-02	1
66	21	1.93310500295570e-03	3.44092589021998e-02	1
67	21	1.94508759584375e-03	3.83915820042099e-02	1
68	21	1.96830361417580e-03	4.07049110597229e-02	1
69	21	1.98694793878455e-03	4.17315599024319e-02	1
70	21	2.00662511605674e-03	4.12432553070754e-02	1
71	21	2.01663573704768e-03	4.23676404494861e-02	1
72	21	2.03360162693132e-03	4.42842820768565e-02	1
1	26	1.30487148458633e-03	2.45597136009818e-02	1
2	26	1.26649506367839e-03	2.67489841575656e-02	1
3	26	1.21925671966229e-03	2.47527442445993e-02	1
4	26	1.19024085463163e-03	2.21432309288794e-02	1
5	26	1.13743067624612e-03	2.29410991585610e-02	1
6	26	1.09684577652441e-03	2.24186115918595e-02	1
7	26	1.05024375084258e-03	2.03045208726146e-02	1
8	26	1.01078513635929e-03	1.95655188894587e-02	1
9	26	9.71878001937991e-04	1.97898207254033e-02	1
10	26	9.20398217144906e-04	1.86051715616682e-02	1
11	26	8.79588994914887e-04	1.71434023789244e-02	1
12	26	8.28775247879909e-04	1.34930922616745e-02	1
13	26	7.89948885253403e-04	1.52764250624047e-02	1
14	26	7.40653246644539e-04	1.54306920698680e-02	1
15	26	6.99578944339495e-04	1.32958096221912e-02	1
16	26	6.49663828529531e-04	1.23841905424733e-02	1
17	26	5.92546314937633e-04	1.20392081933879e-02	1
18	26	5.63725758971049e-04	1.12289506346231e-02	1
19	26	5.08368023891778e-04	1.00619618982084e-02	1
20	26	4.65524358381365e-04	9.11776921258915e-03	1
21	26	4.14258541287544e-04	8.25512516268920e-03	1
22	26	3.65126479882476e-04	7.12548588543398e-03	1
23	26	3.06435991542246e-04	5.67781131927104e-03	1
24	26	2.25662024144267e-04	4.35745970129632e-03	1
25	26	1.33220243457304e-04	2.50732919575960e-03	1
27	26	1.04718236721399e-04	1.89104329443087e-03	1
28	26	2.17226568867188e-04	3.92927925492824e-03	1
29	26	2.55821829720646e-04	5.41786238694474e-03	1
30	26	2.99341562460262e-04	5.51764024810391e-03	1
31	26	3.38080429943821e-04	6.49433819577463e-03	1
32	26	3.70645709575623e-04	7.24986410511110e-03	1
33	26	4.17909723664917e-04	8.59679733328494e-03	1
34	26	4.66207552208054e-04	9.88059482459740e-03	1
35	26	5.27798428921837e-04	1.06037452498427e-02	1
36	26	5.64796136725311e-04	1.19307908988101e-02	1
37	26	6.18380825710212e-04	1.12311968985543e-02	1
38	26	6.76143112336715e-04	1.32474199522605e-02	1
39	26	7.15733446829075e-04	1.39140969143420e-02	1
40	26	7.70598441858015e-04	1.45809168431123e-02	1
41	26	8.06383418917989e-04	1.58198656854506e-02	1
42	26	8.69806699050814e-04	1.69480932252039e-02	1
43	26	9.11434811979410e-04	1.80318847611240e-02	1
44	26	9.74092514256369e-04	1.96225833122705e-02	1
45	26	1.02553302722498e-03	2.09493857653223e-02	1
46	26	1.07369373259610e-03	2.01196224114986e-02	1
47	26	1.12243602186216e-03	2.24256312937444e-02	1
48	26	1.16027651617820e-03	2.24805190503724e-02	1
49	26	1.20875846575196e-03	2.45778054654791e-02	1
50	26	1.24351036038971e-03	2.69430352727223e-02	1
51	26	1.29559916694400e-03	2.60870820176292e-02	1
52	26	1.35579528940908e-03	2.62120199200777e-02	1
53	26	1.39323334038485e-03	2.95777366494607e-02	1
54	26	1.43191484397517e-03	2.71984200564064e-02	1
55	26	1.47314183838758e-03	2.76609823264382e-02	1
56	26	1.51200417573675e-03	2.97162663430307e-02	1
57	26	1.53930820951006e-03	2.83013964898461e-02	1
58	26	1.57204328135053e-03	3.10242761407213e-02	1
59	26	1.60450754170920e-03	3.07503011582252e-02	1
60	26	1.64047160396071e-03	3.59746477227183e-02	1
61	26	1.67054792401285e-03	3.20796785422089e-02	1
62	26	1.68586196415436e-03	3.46100005490912e-02	1
63	26	1.72001561118951e-03	3.36322192849850e-02	1
64	26	1.73970848968220e-03	3.47160127662029e-02	1
65	26	1.76191014058092e-03	3.34428007064645e-02	1
66	26	1.77701939527077e-03	3.36902189902125e-02	1
67	26	1.78900198815883e-03	3.59275857507786e-02	1
68	26	1.81221800649087e-03	3.37390956048795e-02	1
69	26	1.83086233109963e-03	3.82464510464246e-02	1
70	26	1.85053950837182e-03	3.49405196947756e-02	1
71	26	1.86055012936276e-03	3.74166540921717e-02	1
72	26	1.87751601924639e-03	4.00187057660985e-02	1
1	31	1.42270240900221e-03	2.79345546532063e-02	1
2	31	1.38806007599536e-03	2.87012641192299e-02	1
3	31	1.34613821067600e-03	2.63451423942410e-02	1
4	31	1.32132541129079e-03	2.42836043745077e-02	1
5	31	1.26865540174062e-03	2.73366844232131e-02	1
6	31	1.23021160443499e-03	2.04160205003540e-02	1
7	31	1.18856621464329e-03	2.39529941782600e-02	1
8	31	1.14994403218056e-03	2.23749810758035e-02	1
9	31	1.11186218455901e-03	2.25805411109749e-02	1
10	31	1.06269742151944e-03	2.25422486695018e-02	1
11	31	1.02269414980691e-03	2.05392628081458e-02	1
12	31	9.76838249641459e-04	1.74781926234886e-02	1
13	31	9.40880844291429e-04	1.91458487372081e-02	1
14	31	8.93710799191088e-04	1.74876920806724e-02	1
15	31	8.54559085231786e-04	1.61368738800604e-02	1
16	31	8.09112986352920e-04	1.72278745893562e-02	1
17	31	7.53845265146238e-04	1.68190387499690e-02	1
18	31	7.26392858560035e-04	1.57969891904487e-02	1
19	31	6.71115572513521e-04	1.31810226895818e-02	1
20	31	6.28271907003109e-04	1.26819414865745e-02	1
21	31	5.77006089909288e-04	1.16859021931554e-02	1
22	31	5.32316547816154e-04	1.04238353595996e-02	1
23	31	4.76615486556642e-04	9.58542451644661e-03	1
24	31	4.34000843177155e-04	8.32138761455504e-03	1
25	31	3.89694334691495e-04	7.14254568760089e-03	1
26	31	3.38080429943821e-04	6.26571423578324e-03	1
27	31	2.90163132819578e-04	5.34269341643959e-03	1
28	31	2.33298887304274e-04	4.37417810873561e-03	1
29	31	2.02376617788221e-04	3.98489789194394e-03	1
30	31	1.28854146178315e-04	2.36894311271534e-03	1
32	31	9.81030050568305e-05	1.76249684793452e-03	1
33	31	1.71558246635176e-04	3.27710459943406e-03	1
34	31	2.19856075178313e-04	4.18798334797484e-03	1
35	31	2.81446951892097e-04	5.34713495305406e-03	1
36	31	3.18444659695570e-04	5.90317701962989e-03	1
37	31	3.72029348680471e-04	6.85897048488624e-03	1
38	31	4.29791635306975e-04	7.77551648294689e-03	1
39	31	4.69381969799335e-04	9.11262527124587e-03	1
40	31	5.24246964828274e-04	1.03919640445147e-02	1
41	31	5.60031941888248e-04	1.09713917136424e-02	1
42	31	6.23455222021073e-04	1.25450863912541e-02	1
43	31	6.65083334949670e-04	1.30134184076368e-02	1
44	31	7.27741037226628e-04	1.42984856593458e-02	1
45	31	7.79181550195244e-04	1.60814466720834e-02	1
46	31	8.27342255566359e-04	1.75050329940034e-02	1
47	31	8.76084544832417e-04	1.77099415884299e-02	1
48	31	9.13925039148457e-04	1.79177270473947e-02	1
49	31	9.62406988722221e-04	1.88525733270548e-02	1
50	31	9.97158883359973e-04	1.98850259307181e-02	1
51	31	1.04924768991426e-03	2.12407868286670e-02	1
52	31	1.10944381237934e-03	2.16959835402952e-02	1
53	31	1.14688186335511e-03	2.32407116099404e-02	1
54	31	1.18556336694543e-03	2.30022937863944e-02	1
55	31	1.22679036135784e-03	2.45713557940791e-02	1
56	31	1.27177042035763e-03	2.67591858473260e-02	1
57	31	1.30654799079261e-03	2.66988940639927e-02	1
58	31	1.34909541748063e-03	2.62792939140889e-02	1
59	31	1.39079380506852e-03	2.83335919423091e-02	1
60	31	1.43003284519661e-03	2.73407608042491e-02	1
61	31	1.47132525125694e-03	2.85751651781815e-02	1
62	31	1.49410687234521e-03	2.81655750898557e-02	1
63	31	1.52929797888394e-03	2.97983033804844e-02	1
64	31	1.54901086426316e-03	3.01802801131446e-02	1
65	31	1.57121251516188e-03	3.11366525694171e-02	1
66	31	1.58970340157160e-03	3.17058170029565e-02	1
67	31	1.60168599445966e-03	2.90163513781298e-02	1
68	31	1.62490201279170e-03	3.34499029556790e-02	1
69	31	1.64362593535212e-03	3.19771371192791e-02	1
70	31	1.66379085878956e-03	3.08444735789664e-02	1
71	31	1.67380147978050e-03	3.45910154368529e-02	1
72	31	1.69076736966414e-03	3.57938660323662e-02	1
1	36	1.57522066033646e-03	3.27122307219872e-02	1
2	36	1.54765014226498e-03	2.99302611954905e-02	1
3	36	1.51465252223275e-03	3.11947066735722e-02	1
4	36	1.50058140593760e-03	2.98592276616914e-02	1
5	36	1.45510177653463e-03	2.49887264083084e-02	1
6	36	1.43166656960138e-03	2.99515678849906e-02	1
7	36	1.40155563429863e-03	2.74526285700989e-02	1
8	36	1.36480683423353e-03	2.85780730180621e-02	1
9	36	1.33059008283611e-03	2.65107142891100e-02	1
10	36	1.28330285735224e-03	2.43696814083915e-02	1
11	36	1.24329958563971e-03	2.34607187416803e-02	1
12	36	1.19763445440427e-03	2.38819901166195e-02	1
13	36	1.16257375671671e-03	2.21884216444626e-02	1
14	36	1.11591764110199e-03	2.37213731001952e-02	1
15	36	1.07676592714269e-03	1.89027046016584e-02	1
16	36	1.03212199247533e-03	1.99830060549211e-02	1
17	36	9.76854271268653e-04	2.05069784302379e-02	1
18	36	9.49756769573600e-04	1.87501441989296e-02	1
19	36	8.95614717370793e-04	1.66145179180651e-02	1
20	36	8.54507431899492e-04	1.91173579735630e-02	1
21	36	8.03721796690778e-04	1.57275290905139e-02	1
22	36	7.59032254597644e-04	1.50444162944885e-02	1
23	36	7.03331193338132e-04	1.43122744902569e-02	1
24	36	6.60716549958645e-04	1.35699745901822e-02	1
25	36	6.16410041472985e-04	1.21000513594798e-02	1
26	36	5.64796136725311e-04	1.09590792664371e-02	1
27	36	5.16878839601068e-04	9.40850322653287e-03	1
28	36	4.60014594085764e-04	8.73241960019429e-03	1
29	36	4.30425631527474e-04	9.51881999794762e-03	1
30	36	3.73743846441034e-04	7.67148938315978e-03	1
31	36	3.18444659695570e-04	6.74506778649535e-03	1
32	36	2.80349722259645e-04	5.41072699956196e-03	1
33	36	2.25217462778334e-04	4.50505258943029e-03	1
34	36	1.86483077519077e-04	3.67861655618444e-03	1
35	36	1.03721458525938e-04	1.77149650396819e-03	1
37	36	1.39213550916731e-04	2.67361687444008e-03	1
38	36	2.23406413791944e-04	4.10817158179298e-03	1
39	36	2.63216515585289e-04	4.62235177931656e-03	1
40	36	3.18081510614229e-04	6.48024313174865e-03	1
41	36	3.53866487674203e-04	6.65757302265181e-03	1
42	36	4.17289767807028e-04	8.52670526622279e-03	1
43	36	4.58917880735625e-04	8.53594043995453e-03	1
44	36	5.21679992722633e-04	1.08121333352272e-02	1
45	36	5.73667232040592e-04	1.13639936401396e-02	1
46	36	6.24200609066861e-04	1.15485015086284e-02	1
47	36	6.75580658408994e-04	1.35515101406041e-02	1
48	36	7.16772624519232e-04	1.38059120935208e-02	1
49	36	7.66104072600398e-04	1.55087433232394e-02	1
50	36	8.01997731525098e-04	1.53526151733146e-02	1
51	36	8.56284971039345e-04	1.76162715751624e-02	1
52	36	9.18823728410502e-04	1.74732574814375e-02	1
53	36	9.56261779386270e-04	2.08359383634110e-02	1
54	36	9.96280251502651e-04	1.84935308027265e-02	1
55	36	1.03974883203156e-03	2.25382891654758e-02	1
56	36	1.08698793299418e-03	2.23972994962074e-02	1
57	36	1.12566663261441e-03	2.39281823557974e-02	1
58	36	1.16886647928256e-03	2.22203902014334e-02	1
59	36	1.21130030447517e-03	2.40111645775705e-02	1
60	36	1.25292963015180e-03	2.45620940085040e-02	1
61	36	1.29717313328024e-03	2.68487690347426e-02	1
62	36	1.32341717225022e-03	2.60495173395815e-02	1
63	36	1.36934912108164e-03	2.60012760772493e-02	1
64	36	1.40653065004783e-03	2.84422355868777e-02	1
65	36	1.43985797597311e-03	2.86348147174291e-02	1
66	36	1.47674746310440e-03	2.88376379476725e-02	1
67	36	1.50327241132544e-03	2.70519836936565e-02	1
68	36	1.53804930295861e-03	2.81625104655713e-02	1
69	36	1.56465311817754e-03	3.33950756720993e-02	1
70	36	1.59345990608590e-03	3.08776563471868e-02	1
71	36	1.60375252121348e-03	3.41384579235485e-02	1
72	36	1.62077325456925e-03	3.22779682624289e-02	1
1	41	1.75154611493321e-03	3.35004955923729e-02	1
2	41	1.72428467364040e-03	3.27185071930852e-02	1
3	41	1.69128705360817e-03	3.53478515048612e-02	1
4	41	1.67804898200615e-03	3.16493417378227e-02	1
5	41	1.63262774670416e-03	3.34598542114006e-02	1
6	41	1.60919253977091e-03	3.28675698425195e-02	1
7	41	1.58291557020103e-03	3.40756165879547e-02	1
8	41	1.55314001073505e-03	3.16474026662307e-02	1
9	41	1.53310190928196e-03	3.09287286487769e-02	1
10	41	1.49766158563269e-03	2.76012320226649e-02	1
11	41	1.46950684672262e-03	2.66629675574176e-02	1
12	41	1.43922173659694e-03	2.79201982653600e-02	1
13	41	1.40416103890939e-03	2.69344673966335e-02	1
14	41	1.35750492329467e-03	2.80555625998123e-02	1
15	41	1.31835320933536e-03	2.44934256861202e-02	1
16	41	1.27370927466801e-03	2.51603117224837e-02	1
17	41	1.21844155346133e-03	2.46110480984066e-02	1
18	41	1.19134405176628e-03	2.10865000262339e-02	1
19	41	1.13720199956347e-03	2.40052033752180e-02	1
20	41	1.09609471409217e-03	2.15498582857283e-02	1
21	41	1.04530907888346e-03	2.04463649975681e-02	1
22	41	1.00061953679032e-03	2.09072718855801e-02	1
23	41	9.44918475530810e-04	1.77131884862439e-02	1
24	41	9.02303832151323e-04	1.73728709952098e-02	1
25	41	8.57997323665662e-04	1.56115087102361e-02	1
26	41	8.06383418917989e-04	1.58186653261535e-02	1
27	41	7.58466121793746e-04	1.54722901309431e-02	1
28	41	7.01601876278442e-04	1.38279083024123e-02	1
29	41	6.72012913720152e-04	1.23546912692013e-02	1
30	41	6.15331128633712e-04	1.25181555144960e-02	1
31	41	5.60031941888248e-04	1.03862731146936e-02	1
32	41	5.21937004452323e-04	1.04739375436296e-02	1
33	41	4.66804744971012e-04	9.67150626476305e-03	1
34	41	4.28070359711755e-04	8.37311278228968e-03	1
35	41	3.88474935328833e-04	7.64803306465326e-03	1
36	41	3.53866487674203e-04	6.43597756314538e-03	1
37	41	3.10308295079827e-04	5.85673706142371e-03	1
38	41	2.61250634732957e-04	4.50873040254719e-03	1
39	41	2.17765500240871e-04	4.00903623150230e-03	1
40	41	1.04767100385049e-04	1.74839921451279e-03	1
42	41	1.43026149026451e-04	2.75952952173443e-03	1
43	41	2.40971558039027e-04	4.71935060904771e-03	1
44	41	3.20719293338532e-04	6.51277797527368e-03	1
45	41	3.87633620180215e-04	8.25545856801987e-03	1
46	41	4.38166997206483e-04	8.55361681322828e-03	1
47	41	4.89547046548616e-04	9.28417070820349e-03	1
48	41	5.30838951171406e-04	1.01912961564270e-02	1
49	41	5.82339251829294e-04	1.15815684875215e-02	1
50	41	6.19975839028746e-04	1.21880988479335e-02	1
51	41	6.77707784163024e-04	1.31060490025668e-02	1
52	41	7.43129696920382e-04	1.49246950385733e-02	1
53	41	7.82238577160350e-04	1.58299584906902e-02	1
54	41	8.25134323609119e-04	1.57333876184574e-02	1
55	41	8.71941285168965e-04	1.68851640714925e-02	1
56	41	9.24200337868040e-04	1.78614703270027e-02	1
57	41	9.63074168440978e-04	1.93172987401442e-02	1
58	41	1.00924676813434e-03	2.09400589426153e-02	1
59	41	1.05646978682996e-03	2.22390459827839e-02	1
60	41	1.10133206390724e-03	1.98129157124529e-02	1
61	41	1.14940794245343e-03	2.40678174159718e-02	1
62	41	1.17696765756259e-03	2.20686499960548e-02	1
63	41	1.22412965332274e-03	2.32469716297021e-02	1
64	41	1.26686505071217e-03	2.51062249102258e-02	1
65	41	1.30202068695355e-03	2.71824019724320e-02	1
66	41	1.34106250843807e-03	2.96313328114566e-02	1
67	41	1.36770536430829e-03	2.64197579280726e-02	1
68	41	1.40529816700534e-03	2.79088573729517e-02	1
69	41	1.43219753708878e-03	3.06100200308405e-02	1
70	41	1.46266501433552e-03	3.18553211187443e-02	1
71	41	1.48458322140952e-03	2.99142019165535e-02	1
72	41	1.52037936056899e-03	3.12688145283555e-02	1
1	46	1.94950087142302e-03	3.62776800110026e-02	1
2	46	1.92223943013021e-03	3.81931726382821e-02	1
3	46	1.88924181009798e-03	3.70736392097951e-02	1
4	46	1.87600373849596e-03	3.68478785542001e-02	1
5	46	1.83058250319396e-03	3.45121820894863e-02	1
6	46	1.80714729626072e-03	3.63517049143529e-02	1
7	46	1.78087032669084e-03	3.65927012008088e-02	1
8	46	1.75109476722486e-03	3.52187817994331e-02	1
9	46	1.73105666577177e-03	3.63816049383136e-02	1
10	46	1.69818827982111e-03	3.44763130179073e-02	1
11	46	1.67110388578826e-03	3.43940366305806e-02	1
12	46	1.64186872379501e-03	3.42804554695268e-02	1
13	46	1.61571226683251e-03	3.24730584314658e-02	1
14	46	1.57932877662416e-03	3.21409108375606e-02	1
15	46	1.55113820378485e-03	2.97880851871367e-02	1
16	46	1.51635316040376e-03	2.95347133162046e-02	1
17	46	1.47188032071443e-03	3.25336510874412e-02	1
18	46	1.45068920981768e-03	2.50211987245476e-02	1
19	46	1.40162364206334e-03	2.77409072294003e-02	1
20	46	1.36249970172015e-03	2.73340279093092e-02	1
21	46	1.31261939256157e-03	2.76782087110953e-02	1
22	46	1.26792985046843e-03	2.58808663091210e-02	1
23	46	1.21222878920892e-03	2.17662079373590e-02	1
24	46	1.16961414582943e-03	2.35811126892237e-02	1
25	46	1.12530763734377e-03	2.20682449618493e-02	1
26	46	1.07369373259610e-03	2.10694552712286e-02	1
27	46	1.02577643547186e-03	2.04318799835952e-02	1
28	46	9.68912189956552e-04	1.93862140029634e-02	1
29	46	9.39323227398263e-04	1.93532614854001e-02	1
30	46	8.82641442311823e-04	1.75913420530696e-02	1
31	46	8.27342255566359e-04	1.70748768211426e-02	1
32	46	7.89247318130434e-04	1.51453764005893e-02	1
33	46	7.34419184470826e-04	1.46068314121514e-02	1
34	46	6.98404481104413e-04	1.47787726714123e-02	1
35	46	6.58809056721491e-04	1.33046776250418e-02	1
36	46	6.24200609066861e-04	1.26182527874550e-02	1
37	46	5.80642416472485e-04	1.19487834361846e-02	1
38	46	5.39914404519901e-04	9.39581093341978e-03	1
39	46	5.06124260870015e-04	9.78784540475475e-03	1
40	46	4.73722105509271e-04	8.14694627135536e-03	1
41	46	4.38166997206483e-04	8.99106748656073e-03	1
42	46	3.91684046083372e-04	8.25732705444771e-03	1
43	46	3.44612542276338e-04	7.29641683376878e-03	1
44	46	2.45118765896429e-04	4.23526555678237e-03	1
45	46	1.09353172984434e-04	2.10141100221611e-03	1
47	46	1.42106686865290e-04	2.58629114150141e-03	1
48	46	2.41589944327591e-04	5.14172961242059e-03	1
49	46	3.69257739115676e-04	6.52698461133169e-03	1
50	46	4.17782546319976e-04	8.01080211948240e-03	1
51	46	4.87096322250535e-04	1.02121483571527e-02	1
52	46	5.66227207218895e-04	1.08674940345697e-02	1
53	46	6.06369530600935e-04	1.15651193872845e-02	1
54	46	6.49265277049704e-04	1.26763576376179e-02	1
55	46	6.96072238609549e-04	1.37841346687716e-02	1
56	46	7.50222127071247e-04	1.45492306951368e-02	1
57	46	7.93381322714382e-04	1.53587161345070e-02	1
58	46	8.41356569386180e-04	1.72004816718354e-02	1
59	46	8.91510683269329e-04	1.60654864095024e-02	1
60	46	9.37448694337650e-04	1.86199584239752e-02	1
61	46	9.89141829401426e-04	1.94095692304517e-02	1
62	46	1.01754781842805e-03	2.19717775144795e-02	1
63	46	1.06837775272620e-03	2.05335500586924e-02	1
64	46	1.11410110974244e-03	2.08160908529809e-02	1
65	46	1.15334344112013e-03	2.31530223265447e-02	1
66	46	1.19390745304904e-03	2.36595416116015e-02	1
67	46	1.22569713598729e-03	2.53217604118293e-02	1
68	46	1.26599629449784e-03	2.37710628209687e-02	1
69	46	1.29518452377048e-03	2.43430361580031e-02	1
70	46	1.32749443980107e-03	2.79990489419439e-02	1
71	46	1.35205095970615e-03	2.50616570048387e-02	1
72	46	1.38905069126601e-03	2.66212120753654e-02	1
1	51	2.09600764133110e-03	3.85125952627872e-02	1
2	51	2.06874620003828e-03	4.05997940359870e-02	1
3	51	2.03574858000606e-03	4.12448099965152e-02	1
4	51	2.02251050840404e-03	4.35491027834092e-02	1
5	51	1.97708927310204e-03	3.85036310072645e-02	1
6	51	1.95365406616879e-03	3.35314410957700e-02	1
7	51	1.92737709659892e-03	3.77463347552461e-02	1
8	51	1.89760153713294e-03	3.74066134838323e-02	1
9	51	1.87756343567984e-03	3.59897765054647e-02	1
10	51	1.84469504972918e-03	3.86630260866674e-02	1
11	51	1.81892446969940e-03	3.83542631915104e-02	1
12	51	1.79052892840578e-03	3.54121481940255e-02	1
13	51	1.76688309974969e-03	3.62073928497261e-02	1
14	51	1.73105239860726e-03	3.53319007377159e-02	1
15	51	1.70751874162800e-03	3.19169560483730e-02	1
16	51	1.67474052956794e-03	3.12561910359578e-02	1
17	51	1.63589434703874e-03	3.62256596696300e-02	1
18	51	1.61578525586091e-03	3.10020562675885e-02	1
19	51	1.57337270901199e-03	2.87913167281036e-02	1
20	51	1.54606845986651e-03	2.91616054114741e-02	1
21	51	1.50580748511756e-03	3.03729665850131e-02	1
22	51	1.47802824263486e-03	3.14495106989180e-02	1
23	51	1.43413422355682e-03	2.96693576666221e-02	1
24	51	1.39151958017734e-03	2.87144032683928e-02	1
25	51	1.34721307169167e-03	2.62976134037567e-02	1
26	51	1.29559916694400e-03	2.74533086363650e-02	1
27	51	1.24768186981976e-03	2.48577195943183e-02	1
28	51	1.19081762430445e-03	2.16806478008760e-02	1
29	51	1.16122866174617e-03	2.36395369777858e-02	1
30	51	1.10454687665973e-03	2.21428914142675e-02	1
31	51	1.04924768991426e-03	1.97922193028483e-02	1
32	51	1.01115275247834e-03	1.91196589029207e-02	1
33	51	9.57612282071001e-04	1.94965009407228e-02	1
34	51	9.24834127595356e-04	1.69125750377536e-02	1
35	51	8.88061837940389e-04	1.76515069080409e-02	1
36	51	8.56284971039345e-04	1.71750225765887e-02	1
37	51	8.16016223005448e-04	1.56627767097324e-02	1
38	51	7.79455191476442e-04	1.51352860584378e-02	1
39	51	7.45665047826556e-04	1.38035057315635e-02	1
40	51	7.13262892465812e-04	1.33077872114073e-02	1
41	51	6.77707784163024e-04	1.24264737861939e-02	1
42	51	6.42915391966092e-04	1.32578875447057e-02	1
43	51	6.08924719393943e-04	1.31332356882560e-02	1
44	51	5.66440890058967e-04	1.23441007953331e-02	1
45	51	5.19508999203608e-04	1.00479465585752e-02	1
46	51	4.87096322250535e-04	9.42838875785227e-03	1
47	51	4.35910991429879e-04	8.52584302352573e-03	1
48	51	3.71356068320802e-04	7.12194215764843e-03	1
49	51	2.40821465541919e-04	4.55649331312933e-03	1
50	51	1.44882030424749e-04	2.75219036010381e-03	1
52	51	1.42196361296365e-04	2.25362323750250e-03	1
53	51	2.41628248396540e-04	4.57386065023019e-03	1
54	51	3.69702662244259e-04	7.62346207377388e-03	1
55	51	4.66872302227175e-04	8.88657180760529e-03	1
56	51	5.50266814393074e-04	1.15950291121381e-02	1
57	51	5.96781773487673e-04	1.17008574057255e-02	1
58	51	6.59393522531885e-04	1.30029000170217e-02	1
59	51	7.20990565143840e-04	1.45443205870373e-02	1
60	51	7.72081761505189e-04	1.43014557900147e-02	1
61	51	8.25132263908128e-04	1.53899720220477e-02	1
62	51	8.53538252934750e-04	1.66522900851261e-02	1
63	51	9.06304145611950e-04	1.95111095597661e-02	1
64	51	9.52027502628187e-04	1.90586461158159e-02	1
65	51	9.97686538162826e-04	1.98647676548738e-02	1
66	51	1.03905383853356e-03	2.16996638839566e-02	1
67	51	1.07146047755540e-03	2.03790649572524e-02	1
68	51	1.11229045036414e-03	2.19283914908068e-02	1
69	51	1.14430734457328e-03	2.16620861086177e-02	1
70	51	1.17675570168899e-03	2.34816422148760e-02	1
71	51	1.20454933436096e-03	2.35464948916203e-02	1
72	51	1.24495733051779e-03	2.44642865172778e-02	1
1	56	2.26044933278917e-03	4.94225511880051e-02	1
2	56	2.23318789149636e-03	4.50797741029007e-02	1
3	56	2.20019027146414e-03	4.28689484057511e-02	1
4	56	2.18695219986211e-03	4.21021369328115e-02	1
5	56	2.14153096456012e-03	4.14276998635227e-02	1
6	56	2.11809575762687e-03	4.60072042755928e-02	1
7	56	2.09181878805699e-03	3.97489445089100e-02	1
8	56	2.06204322859101e-03	3.83549038792053e-02	1
9	56	2.04200512713792e-03	4.15827259520258e-02	1
10	56	2.00913674118726e-03	3.97799991141632e-02	1
11	56	1.98336616115748e-03	3.88987198370033e-02	1
12	56	1.95497061986386e-03	3.99455826337963e-02	1
13	56	1.93132479120777e-03	3.92156023105478e-02	1
14	56	1.89549409006534e-03	3.88492814150781e-02	1
15	56	1.87196043308608e-03	3.53686227496315e-02	1
16	56	1.83918222102602e-03	3.38999328360487e-02	1
17	56	1.80033603849682e-03	3.13937694923790e-02	1
18	56	1.78049265664044e-03	3.49861424355828e-02	1
19	56	1.73808010979153e-03	3.19260894407859e-02	1
20	56	1.71077586064605e-03	3.36045316103286e-02	1
21	56	1.67067782025886e-03	3.46272550362427e-02	1
22	56	1.64289857777616e-03	2.94979157639646e-02	1
23	56	1.60060245536152e-03	3.24546680213189e-02	1
24	56	1.57324915305946e-03	3.15369676866972e-02	1
25	56	1.54708197448934e-03	3.29588371472001e-02	1
26	56	1.51200417573675e-03	2.88691833774848e-02	1
27	56	1.47020460026313e-03	2.82234551575035e-02	1
28	56	1.41334035474782e-03	2.75153487970694e-02	1
29	56	1.38375139218953e-03	2.56334932117708e-02	1
30	56	1.32706960710309e-03	2.68432615995301e-02	1
31	56	1.27177042035763e-03	2.35660205995827e-02	1
32	56	1.23367548292170e-03	2.43076186993249e-02	1
33	56	1.18013501251437e-03	2.26214285473735e-02	1
34	56	1.15012004929132e-03	2.45367337707831e-02	1
35	56	1.11822763364367e-03	2.37437723843698e-02	1
36	56	1.08698793299418e-03	2.11058517760713e-02	1
37	56	1.05040017899016e-03	2.13669573920047e-02	1
38	56	1.01839320016979e-03	2.05306173769440e-02	1
39	56	9.86343205746286e-04	2.17063023968567e-02	1
40	56	9.56879735494973e-04	1.86189960650245e-02	1
41	56	9.24200337868040e-04	1.88814033681551e-02	1
42	56	8.91298781433729e-04	1.72760031529099e-02	1
43	56	8.57308108861581e-04	1.78210209616674e-02	1
44	56	8.14824279526605e-04	1.57792595522658e-02	1
45	56	7.72637304256999e-04	1.49174199695792e-02	1
46	56	7.50222127071247e-04	1.52126136298001e-02	1
47	56	7.17455556199405e-04	1.45193764750381e-02	1
48	56	6.90289838556641e-04	1.33924530338962e-02	1
49	56	6.43404603116741e-04	1.31847391244288e-02	1
50	56	5.93658986925260e-04	1.16238820702753e-02	1
51	56	5.50266814393074e-04	1.21107585520072e-02	1
52	56	4.62553295957114e-04	8.90701605234220e-03	1
53	56	3.63121408856939e-04	7.16022622364680e-03	1
54	56	2.35046995009220e-04	4.96866232826136e-03	1
55	56	1.37877355026304e-04	2.57508780435571e-03	1
57	56	1.04371522872350e-04	1.79639259118803e-03	1
58	56	2.33263958961316e-04	4.08946665418457e-03	1
59	56	3.58820716567400e-04	6.72826439750714e-03	1
60	56	4.59424081733864e-04	9.20239243871013e-03	1
61	56	5.83129885516710e-04	1.07448124470911e-02	1
62	56	6.43143748709264e-04	1.28511764354460e-02	1
63	56	7.14372967356234e-04	1.41926998408303e-02	1
64	56	7.65932272716108e-04	1.52509135420025e-02	1
65	56	8.25695251060622e-04	1.53517402838313e-02	1
66	56	8.81695889437425e-04	1.89317478207197e-02	1
67	56	9.22216586876329e-04	1.78541503280400e-02	1
68	56	9.65824967637926e-04	1.99149540580761e-02	1
69	56	9.97841861847060e-04	2.09137244708476e-02	1
70	56	1.03029021896277e-03	2.08912593320119e-02	1
71	56	1.05839072617847e-03	2.33043411037646e-02	1
72	56	1.10109062950846e-03	2.26582283764867e-02	1
1	61	2.40726599998726e-03	5.15493807468982e-02	1
2	61	2.38074186450086e-03	4.69988466807270e-02	1
3	61	2.34774424446864e-03	5.04883955168490e-02	1
4	61	2.33450617286661e-03	4.72832949973740e-02	1
5	61	2.29062619398845e-03	4.38438777411118e-02	1
6	61	2.26734066757698e-03	4.24340463115579e-02	1
7	61	2.24106369800710e-03	4.37577782093010e-02	1
8	61	2.21128813854112e-03	4.27102155816393e-02	1
9	61	2.19125003708803e-03	4.25553529696707e-02	1
10	61	2.15846353140414e-03	4.40564506691704e-02	1
11	61	2.13327441236252e-03	4.41781421909202e-02	1
12	61	2.10525817739903e-03	4.29841556456905e-02	1
13	61	2.08162877383182e-03	4.14883617243028e-02	1
14	61	2.04580388935485e-03	4.19625012339814e-02	1
15	61	2.02227023237559e-03	4.18757123970166e-02	1
16	61	1.99172677139996e-03	3.95247296201959e-02	1
17	61	1.95513153707530e-03	3.68031243244517e-02	1
18	61	1.93589567946320e-03	3.66656153620809e-02	1
19	61	1.89348313261428e-03	3.61952873484811e-02	1
20	61	1.86617888346881e-03	3.45349402964414e-02	1
21	61	1.82693468380843e-03	3.69072699803259e-02	1
22	61	1.79915544132573e-03	3.33576854812641e-02	1
23	61	1.75685931891109e-03	3.67309985967945e-02	1
24	61	1.72950601660902e-03	3.23590387690710e-02	1
25	61	1.70350215876182e-03	3.61870137490488e-02	1
26	61	1.67054792401285e-03	3.37373640127488e-02	1
27	61	1.63610056371395e-03	3.36834445912562e-02	1
28	61	1.59488871989483e-03	3.15583836748425e-02	1
29	61	1.56989758495843e-03	2.98015643849452e-02	1
30	61	1.52238574772013e-03	2.85400217157789e-02	1
31	61	1.47132525125694e-03	2.98131734942504e-02	1
32	61	1.43323031382101e-03	2.61772969831769e-02	1
33	61	1.38197658174466e-03	2.90793790329952e-02	1
34	61	1.35562590480876e-03	2.64296541589994e-02	1
35	61	1.32439389346358e-03	2.45810771564297e-02	1
36	61	1.29717313328024e-03	2.70457347199996e-02	1
37	61	1.26394256098284e-03	2.51315124845580e-02	1
38	61	1.23373989425421e-03	2.22068905120851e-02	1
39	61	1.20826248668336e-03	2.50357090290604e-02	1
40	61	1.18032421893930e-03	2.46698699322267e-02	1
41	61	1.14940794245343e-03	2.33019382731045e-02	1
42	61	1.11806491576837e-03	2.25931462831364e-02	1
43	61	1.08773279352821e-03	2.07912697935854e-02	1
44	61	1.04906255515180e-03	1.99304453469504e-02	1
45	61	1.01045096248411e-03	2.15478216827460e-02	1
46	61	9.89141829401426e-04	1.93932485624803e-02	1
47	61	9.57500908125441e-04	1.75571959691522e-02	1
48	61	9.30566908225984e-04	1.70991420710977e-02	1
49	61	8.91487942220984e-04	1.79339418538171e-02	1
50	61	8.56021743832114e-04	1.64197861814495e-02	1
51	61	8.25132263908128e-04	1.60785330667386e-02	1
52	61	7.87354139089723e-04	1.54417919347514e-02	1
53	61	7.52473401424161e-04	1.48533379767532e-02	1
54	61	7.01062329446190e-04	1.31488841463739e-02	1
55	61	6.63775443183020e-04	1.22423213067800e-02	1
56	61	5.83129885516710e-04	1.15476035708835e-02	1
57	61	4.88758362644360e-04	9.24967028121127e-03	1
58	61	3.59865926555394e-04	7.20790101859303e-03	1
59	61	2.34309168949310e-04	4.75947664725707e-03	1
60	61	1.33705803782847e-04	2.44519122554570e-03	1
62	61	1.03718224609319e-04	1.78217929628076e-03	1
63	61	2.29735688722606e-04	4.07838304502846e-03	1
64	61	3.23108832445062e-04	6.22146634054447e-03	1
65	61	4.45928491893493e-04	7.75747095323377e-03	1
66	61	5.69567433681743e-04	1.07633466750986e-02	1
67	61	6.63414543684877e-04	1.21786115558402e-02	1
68	61	7.40323754908948e-04	1.40514306842582e-02	1
69	61	7.85740332765004e-04	1.53594845799790e-02	1
70	61	8.33394816148237e-04	1.62843650312160e-02	1
71	61	8.74373470120174e-04	1.72974711421769e-02	1
72	61	9.27176192431633e-04	1.76558469307391e-02	1
1	66	2.51111007022474e-03	5.52659954872378e-02	1
2	66	2.48458593473834e-03	4.98665967136405e-02	1
3	66	2.45158831470611e-03	4.96627554391914e-02	1
4	66	2.43835024310409e-03	4.74365853455814e-02	1
5	66	2.39447026422592e-03	4.83692238071978e-02	1
6	66	2.37118473781446e-03	4.69851698966192e-02	1
7	66	2.34490776824458e-03	4.77879963666719e-02	1
8	66	2.31513220877860e-03	4.84363133208388e-02	1
9	66	2.29509410732551e-03	4.62596943511235e-02	1
10	66	2.26230760164162e-03	4.38609774340797e-02	1
11	66	2.23711848259999e-03	4.32532160453317e-02	1
12	66	2.20910224763651e-03	4.68412633795037e-02	1
13	66	2.18547284406930e-03	4.29951553555460e-02	1
14	66	2.15009634339884e-03	4.76984674598079e-02	1
15	66	2.12656268641957e-03	4.25579739896197e-02	1
16	66	2.09789709054723e-03	4.07191657632097e-02	1
17	66	2.06130185622257e-03	4.52951803078606e-02	1
18	66	2.04206599861047e-03	4.43393916156580e-02	1
19	66	1.99965345176155e-03	3.67265918120754e-02	1
20	66	1.97234920261608e-03	3.75247488799396e-02	1
21	66	1.93310500295570e-03	3.92679188483722e-02	1
22	66	1.90532576047300e-03	3.79156031794660e-02	1
23	66	1.86302963805836e-03	3.69754515478557e-02	1
24	66	1.83567633575629e-03	3.50968811252341e-02	1
25	66	1.80967247790909e-03	3.34984510893058e-02	1
26	66	1.77701939527077e-03	3.70964013869233e-02	1
27	66	1.74347156830458e-03	3.47233208330886e-02	1
28	66	1.70462154302538e-03	3.38445792290524e-02	1
29	66	1.68304498640889e-03	3.33659028084757e-02	1
30	66	1.63723145516549e-03	3.44678149868751e-02	1
31	66	1.58970340157160e-03	2.93743963715664e-02	1
32	66	1.56318655631646e-03	3.02577110098505e-02	1
33	66	1.52886222191414e-03	3.14823452116587e-02	1
34	66	1.52291258357198e-03	3.18969377799747e-02	1
35	66	1.50247884295922e-03	2.97919748398765e-02	1
36	66	1.47674746310440e-03	2.95570624237027e-02	1
37	66	1.44659695872878e-03	2.99481445576832e-02	1
38	66	1.42067423189301e-03	3.05948177362788e-02	1
39	66	1.39519682432215e-03	2.58045798872429e-02	1
40	66	1.37044058155540e-03	2.58113785972597e-02	1
41	66	1.34106250843807e-03	2.73463153141481e-02	1
42	66	1.31277108614357e-03	2.65418363413572e-02	1
43	66	1.28451832607957e-03	2.59576450838945e-02	1
44	66	1.24963611098764e-03	2.38015558198953e-02	1
45	66	1.21380916521575e-03	2.51650214113201e-02	1
46	66	1.19390745304904e-03	2.40974984192422e-02	1
47	66	1.16291261387549e-03	2.27989373526764e-02	1
48	66	1.13758859604277e-03	2.27081121827293e-02	1
49	66	1.10427824768506e-03	2.24117996637013e-02	1
50	66	1.06994331845754e-03	2.11019647566817e-02	1
51	66	1.03905383853356e-03	2.03386826425646e-02	1
52	66	1.00554706543167e-03	1.99664392360920e-02	1
53	66	9.82435672475507e-04	1.89985013528592e-02	1
54	66	9.45975242419722e-04	1.95073396285925e-02	1
55	66	9.25520326231568e-04	1.89590381448759e-02	1
56	66	8.81695889437425e-04	1.58859487298767e-02	1
57	66	8.43862458997674e-04	1.57497897307379e-02	1
58	66	7.95840682034246e-04	1.66248073442693e-02	1
59	66	7.34229180654904e-04	1.49383428005333e-02	1
60	66	6.93273237464590e-04	1.29745799539893e-02	1
61	66	5.69567433681743e-04	1.15304387430765e-02	1
62	66	4.75849209072424e-04	9.48655124651329e-03	1
63	66	3.49831744959137e-04	7.18986235889006e-03	1
64	66	2.56458601236681e-04	4.92489774208677e-03	1
65	66	1.33638941788250e-04	2.45546411498658e-03	1
67	66	1.03847110003134e-04	2.03092194557093e-03	1
68	66	2.28385529564406e-04	4.43161356775418e-03	1
69	66	3.24008734378448e-04	6.72967154397331e-03	1
70	66	4.46856084841814e-04	8.69089970313376e-03	1
71	66	5.37865942380654e-04	9.88645147990954e-03	1
72	66	6.59784188326056e-04	1.31061784830663e-02	1
1	71	2.59119646799128e-03	5.35562055908000e-02	1
2	71	2.56682415020441e-03	5.17188633273221e-02	1
3	71	2.53443862353927e-03	4.58952008518583e-02	1
4	71	2.52120055193724e-03	5.01000325871667e-02	1
5	71	2.47732057305908e-03	4.78282851846583e-02	1
6	71	2.45403504664761e-03	4.16935282545809e-02	1
7	71	2.42775807707773e-03	5.16700831557254e-02	1
8	71	2.39798251761175e-03	5.16286508833793e-02	1
9	71	2.37794441615866e-03	4.25888839644716e-02	1
10	71	2.34515791047477e-03	4.57961309032084e-02	1
11	71	2.31996879143315e-03	4.57561741327132e-02	1
12	71	2.29195255646966e-03	4.52555914100050e-02	1
13	71	2.26832315290245e-03	4.25125834035842e-02	1
14	71	2.23294665223199e-03	4.05727960937490e-02	1
15	71	2.20941299525272e-03	4.68439734129974e-02	1
16	71	2.18135824553058e-03	4.21396639424513e-02	1
17	71	2.14483259031456e-03	4.37459877614107e-02	1
18	71	2.12559673270246e-03	4.01221937277166e-02	1
19	71	2.08318418585354e-03	4.78226452854338e-02	1
20	71	2.05587993670807e-03	3.95293197174278e-02	1
21	71	2.01663573704768e-03	4.06268719022459e-02	1
22	71	1.98885649456498e-03	4.16062123833202e-02	1
23	71	1.94656037215034e-03	4.12547703143534e-02	1
24	71	1.91920706984828e-03	3.60527822983277e-02	1
25	71	1.89320321200107e-03	3.68110208169151e-02	1
26	71	1.86055012936276e-03	3.87467242482499e-02	1
27	71	1.82700230239656e-03	3.51733625562436e-02	1
28	71	1.78815227711737e-03	3.89608907959268e-02	1
29	71	1.76657572050088e-03	3.39076303189624e-02	1
30	71	1.72076218925748e-03	3.55386915009038e-02	1
31	71	1.67380147978050e-03	3.62555653806424e-02	1
32	71	1.64739931275733e-03	3.34764196523622e-02	1
33	71	1.61307497835501e-03	3.23177746891410e-02	1
34	71	1.60712534001285e-03	3.17507669828206e-02	1
35	71	1.60688156365989e-03	3.47984135933609e-02	1
36	71	1.60375252121348e-03	3.25842039487141e-02	1
37	71	1.58351972293564e-03	3.22431713024526e-02	1
38	71	1.55931808731071e-03	3.09414808159960e-02	1
39	71	1.53552714384581e-03	2.94315071976988e-02	1
40	71	1.51272893479422e-03	2.86795361561729e-02	1
41	71	1.48458322140952e-03	2.88655762552174e-02	1
42	71	1.46060028886826e-03	2.85218047791157e-02	1
43	71	1.43433754573252e-03	2.84495153291389e-02	1
44	71	1.40207690036385e-03	3.02758166977695e-02	1
45	71	1.37037068941554e-03	2.71530424007709e-02	1
46	71	1.35205095970615e-03	2.69369168369962e-02	1
47	71	1.32227089692802e-03	2.51931841112165e-02	1
48	71	1.29810988597233e-03	2.43303086199662e-02	1
49	71	1.26552406702252e-03	2.59841363078057e-02	1
50	71	1.23334981058449e-03	2.44021508923175e-02	1
51	71	1.20454933436096e-03	2.39596532000912e-02	1
52	71	1.17134943580280e-03	2.26546262197189e-02	1
53	71	1.14823804284664e-03	2.16803499883713e-02	1
54	71	1.11177761279085e-03	2.19838824194419e-02	1
55	71	1.09132269660270e-03	2.24963197887902e-02	1
56	71	1.05839072617847e-03	2.14479243266861e-02	1
57	71	1.02566478855460e-03	2.16342315513793e-02	1
58	71	9.91149304246745e-04	2.08776948178699e-02	1
59	71	9.51171204945745e-04	1.88547155815781e-02	1
60	71	9.28557633904374e-04	1.93413839779298e-02	1
61	71	8.74373470120174e-04	1.71960423066645e-02	1
62	71	8.40551113754829e-04	1.65807680300716e-02	1
63	71	7.84703894371637e-04	1.72544926104820e-02	1
64	71	7.39997744642638e-04	1.37961326287785e-02	1
65	71	6.61504884168904e-04	1.30449339672980e-02	1
66	71	5.37865942380654e-04	1.02437355279383e-02	1
67	71	4.44018832377520e-04	9.73716769994949e-03	1
68	71	3.19480412816247e-04	6.23408062448780e-03	1
69	71	2.23857208002206e-04	4.43627631885642e-03	1
70	71	1.01009857538840e-04	1.71566360493916e-03	1
72	71	1.31918245945402e-04	2.47601944468260e-03	1
0
